5.263157894736841813e-01 8.329699014946111493e-03 1.249454852241916464e-02
5.264157894736841703e-01 8.329699014946109759e-03 1.249454852241916464e-02
5.274157894736840602e-01 8.329699014946106289e-03 1.249454852241916117e-02
5.374157894736829588e-01 8.329699014946094146e-03 1.249454852241913341e-02
5.739402026424448300e-01 8.329699014946127106e-03 1.249454852241905015e-02
6.353494243702419997e-01 8.329699014946173943e-03 1.249454852241915943e-02
6.448489154940036938e-01 8.329699014939675669e-03 1.253538848832851278e-02
6.457909773474647119e-01 8.329699014947070795e-03 1.253197765594920611e-02
6.457923537054586216e-01 8.329699014946040370e-03 1.253197267057983184e-02
6.457937300634525313e-01 8.329699014946042104e-03 1.253196768520138671e-02
6.458074936433916280e-01 8.329699014946038635e-03 1.253191783107608648e-02
6.459451294427825951e-01 8.329699014946040370e-03 1.253141925573659360e-02
6.473214874366922666e-01 8.329699014946038635e-03 1.252643009738113079e-02
6.610850673757889817e-01 8.329699014943393182e-03 1.247620168796208587e-02
6.628055148681760711e-01 8.329699014946033431e-03 1.246988059285257869e-02
6.645259623605631605e-01 8.329699014946049043e-03 1.246355016022567680e-02
6.662464098529502499e-01 8.329699014946033431e-03 1.245721042493537142e-02
6.675623620618157394e-01 8.364062589649142246e-03 1.245235497065163253e-02
6.677608297250093861e-01 8.363603331080778081e-03 1.245162221714019718e-02
6.679592973882030327e-01 8.363144023128057936e-03 1.245088934070239829e-02
6.681577650513966793e-01 8.362684635140407718e-03 1.245015634139383549e-02
6.687015935527922394e-01 8.361425439468333706e-03 1.244814719399684258e-02
6.741398785667478410e-01 8.348800591596086326e-03 1.242800524270644240e-02
7.285227287063038570e-01 8.219396343920248524e-03 1.222175856161299319e-02
7.559462063057067471e-01 8.152096657187104384e-03 1.211464239498892537e-02
7.587960357662967281e-01 8.145029058890054102e-03 1.210339916018163264e-02
7.616458652268867091e-01 8.137947902236913195e-03 1.209213544943470164e-02
7.713814187497644026e-01 8.113656275674832261e-03 1.205350403078027897e-02
8.103670027128104802e-01 8.014876860758021054e-03 1.189654461955298032e-02
8.579058439944219350e-01 7.891412635219995086e-03 1.170065382641266236e-02
8.876658523971334702e-01 7.812598343390968897e-03 1.157577306401959619e-02
9.071792234685757128e-01 7.760337949988518370e-03 1.149303803306266081e-02
9.384339520618401043e-01 7.675742980834989772e-03 1.135923261196694449e-02
9.673711317506669127e-01 7.596521306165394428e-03 1.123405921666527363e-02
9.992244297448198420e-01 7.508411607412735986e-03 1.109499238271193997e-02
1.035146696287068124e+00 7.408031241023146571e-03 1.093674951408275808e-02
1.071437919356816648e+00 7.305662876501231064e-03 1.077558118440114822e-02
1.114218612150769339e+00 7.183940278634743520e-03 1.058421411185291559e-02
1.164091058748450980e+00 7.040878455457538418e-03 1.035967501399255933e-02
1.202501124466053728e+00 6.930037618913704144e-03 1.018598636350334478e-02
1.253193130138712919e+00 6.783133208944540707e-03 9.956160022023942055e-03
1.302807641826380314e+00 6.638932840380336667e-03 9.730978656088172876e-03
1.368843387848730719e+00 6.446820351048158232e-03 9.431617021108625043e-03
1.451686216608479185e+00 6.206320631244555304e-03 9.057887264033583768e-03
1.509224912138311225e+00 6.040114501648542224e-03 8.800281949601819129e-03
1.530499123709853970e+00 5.978909482273105265e-03 8.705559083777418897e-03
1.535270456689363794e+00 5.965203583693896687e-03 8.684357734617651620e-03
1.540041789668873617e+00 5.951505737754657875e-03 8.663172628663133937e-03
1.559690940473980714e+00 5.895183979517378686e-03 8.576105166203390126e-03
1.631590207700782003e+00 5.690452791559519677e-03 8.260155161018110231e-03
1.663927930964975488e+00 5.599160089270333041e-03 8.119544691789310972e-03
1.672036023492343482e+00 5.576354464889994068e-03 8.084445903274563652e-03
1.680144116019711475e+00 5.553583920066348587e-03 8.049411825060562645e-03
1.697104318368364728e+00 5.506069488844777746e-03 7.976342123100154183e-03
1.743261436676652787e+00 5.377593277052259563e-03 7.779001263630968416e-03
1.785023075508897161e+00 5.262470314633718380e-03 7.602465242093022803e-03
1.845086155794048111e+00 5.098905874797464433e-03 7.352129978663209282e-03
1.918196950341607643e+00 4.903254609801035308e-03 7.053442691094721426e-03
1.967671744544555068e+00 4.773142828138180610e-03 6.855274104872568705e-03
1.987466186537620416e+00 4.721625532540343548e-03 6.776913830248727268e-03
1.991227867215158653e+00 4.711870855304822574e-03 6.762083182295560921e-03
1.994989547892696891e+00 4.702127601047032847e-03 6.747272031635338785e-03
2.018867323132524927e+00 4.640549352173365880e-03 6.653713624942828725e-03
2.078561761232094796e+00 4.488671735105741536e-03 6.423327663418951228e-03
2.087559738913381313e+00 4.466039682195254053e-03 6.389041970025022797e-03
2.096557716594667831e+00 4.443477011284191827e-03 6.354873176910030494e-03
2.105555694275954348e+00 4.420984045129250362e-03 6.320821699283882440e-03
2.128635367037431614e+00 4.363610793522493779e-03 6.234019320077147444e-03
2.175485452579740908e+00 4.248584242726158311e-03 6.060224036402685026e-03
2.237956476031223385e+00 4.098254140088938673e-03 5.833564467403486858e-03
2.318894286279777450e+00 3.908775474743232323e-03 5.548665632084006163e-03
2.369117244415303247e+00 3.794251955537970584e-03 5.376904815902150588e-03
2.416701803269415194e+00 3.687923183578570383e-03 5.217735386870374532e-03
2.430184111234329425e+00 3.658183891562390069e-03 5.173269644987783106e-03
2.443666419199243656e+00 3.628616013048765066e-03 5.129083247886921486e-03
2.460949051259756271e+00 3.590964687460626061e-03 5.072850374093920180e-03
2.489446710292983589e+00 3.529497356508298506e-03 4.981129141366517389e-03
2.518709972482134685e+00 3.467178526564360704e-03 4.888241252477585480e-03
2.545635059935849487e+00 3.410555475860455217e-03 4.803934921907804592e-03
2.589456382932473488e+00 3.319868033054035762e-03 4.669094777952093739e-03
2.670136765904834952e+00 3.157650701243320483e-03 4.428479484256398792e-03
2.733049342947061255e+00 3.035410948004003094e-03 4.247668304587667171e-03
2.794774025162556796e+00 2.919075329844720255e-03 4.076006873797116334e-03
2.889758464288899376e+00 2.746936294553981635e-03 3.822775102046262544e-03
2.960976225305660403e+00 2.623266435149334067e-03 3.641435402711900443e-03
3.058450541703670478e+00 2.461354763836532452e-03 3.404799313969129361e-03
3.172295395971986398e+00 2.282747070091141559e-03 3.144835556611822944e-03
3.243852192015059366e+00 2.176113684276922370e-03 2.990194556275021977e-03
3.271684281763109770e+00 2.135785818635337324e-03 2.931824763429893062e-03
3.283200297899806941e+00 2.119285047508071528e-03 2.907960283972921365e-03
3.294716314036504112e+00 2.102892269554294986e-03 2.884262684232211105e-03
3.333173635658902345e+00 2.048925988911874749e-03 2.806324508132102165e-03
3.459217318619663750e+00 1.880253716252695525e-03 2.563505109631796473e-03
3.539077765924360186e+00 1.779687421093956211e-03 2.419316862017746594e-03
3.591128524484605400e+00 1.716682728344820844e-03 2.329217351420854402e-03
3.624516344094955933e+00 1.677300066049818451e-03 2.272993007504458055e-03
3.657904163705306466e+00 1.638709829663439208e-03 2.217972197761985519e-03
3.702550589595304142e+00 1.588324747780418865e-03 2.146244606157669908e-03
3.749023368309561732e+00 1.537331515414392009e-03 2.073781158375553792e-03
3.797600823391447999e+00 1.485579490338035475e-03 2.000376747324397568e-03
3.878090060271660366e+00 1.403223972887554039e-03 1.883859962229287015e-03
3.988201178442366324e+00 1.297156091758259891e-03 1.734355027908034749e-03
4.104914495782833406e+00 1.192632998670862046e-03 1.587683789225074072e-03
4.193323993798087734e+00 1.118585082945609648e-03 1.484197189053863743e-03
4.291454410856760937e+00 1.041298753985395349e-03 1.376580910025076206e-03
4.397376399375614753e+00 9.633638751304643639e-04 1.268497244061256388e-03
4.488623307503818438e+00 9.005486656869054855e-04 1.181721245058096155e-03
4.613628923139368787e+00 8.205987970832763012e-04 1.071743501990522936e-03
4.733642506700696195e+00 7.500589417897555100e-04 9.751790036874127430e-04
4.835422343107362408e+00 6.946881780467925333e-04 8.997124052516718411e-04
4.915166309962904378e+00 6.539893445327608305e-04 8.444419940117220283e-04
5.026724833244383461e+00 6.007766201604365901e-04 7.724492746626299101e-04
5.097056111625729358e+00 5.693411277609761786e-04 7.300730883438903912e-04
5.157299223281474276e+00 5.436479285718789694e-04 6.955272624948084792e-04
5.172211773533792467e+00 5.374581317955298828e-04 6.872172095138844895e-04
5.187124323786110658e+00 5.313346057590256823e-04 6.790009824632409945e-04
5.215040952874667290e+00 5.200471630311058035e-04 6.638689034158463302e-04
5.284276306510468757e+00 4.930194126342120949e-04 6.277044891503567002e-04
5.348085900125221670e+00 4.692867650496830752e-04 5.960327292381120906e-04
5.429376030764724526e+00 4.406124451872070881e-04 5.578758262209058136e-04
5.526704315572859905e+00 4.084592845274156395e-04 5.152405374704810241e-04
5.600837988473184481e+00 3.854735550477000222e-04 4.848650542763002108e-04
5.641715322858509296e+00 3.733296266838365411e-04 4.688536488032474876e-04
5.650985548742237796e+00 3.706265876980412047e-04 4.652933297872723388e-04
5.660255774625966296e+00 3.679421424757665449e-04 4.617588015518636667e-04
5.695502343871106987e+00 3.579032140322329280e-04 4.485524735012481499e-04
5.784899708621889403e+00 3.335958824180363259e-04 4.166543099853600523e-04
5.826491240247302805e+00 3.228304532788768056e-04 4.025638799221493459e-04
5.854742833231755483e+00 3.157075496313886112e-04 3.932539352433818544e-04
5.882994426216208161e+00 3.087346125563800387e-04 3.841502161174460282e-04
5.911246019200660839e+00 3.019087057874424163e-04 3.752484435042540019e-04
5.933332153502911765e+00 2.966729796116498227e-04 3.684272734930770367e-04
5.966677367097217299e+00 2.889320824469046004e-04 3.583534076574778184e-04
6.027006373168875442e+00 2.754147423810925565e-04 3.407947441616065260e-04
6.138126532448258565e+00 2.520839049964660101e-04 3.105909002629613663e-04
6.234365401692815389e+00 2.334177902923676036e-04 2.865254301934930638e-04
6.312983026798531405e+00 2.191601369268276870e-04 2.682074772497328044e-04
6.393109201125957597e+00 2.054909278832819410e-04 2.507008200394743357e-04
6.455291365296575989e+00 1.954513336577960768e-04 2.378791271569983949e-04
6.503430925875938406e+00 1.880046562398553418e-04 2.283897415055513352e-04
6.578337647027792556e+00 1.769575940897651415e-04 2.143465978213098682e-04
6.665165986178685387e+00 1.649341962683719873e-04 1.991112920850550069e-04
6.768383162478721182e+00 1.516644917972780082e-04 1.823599949422496480e-04
6.847383177083026240e+00 1.422104947278173155e-04 1.704688268267528519e-04
6.895093263205016143e+00 1.367794584487398398e-04 1.636549675795557319e-04
6.907721060927564771e+00 1.353758747461834442e-04 1.618961316979588769e-04
6.920348858650113399e+00 1.339862190892447127e-04 1.601556233012462426e-04
6.959589814795149820e+00 1.297553206421409922e-04 1.548619730734425762e-04
7.055056145399269951e+00 1.199949139939198724e-04 1.426822864448566448e-04
7.098185634429786006e+00 1.158221075088446443e-04 1.374896133033244106e-04
7.108136703384211330e+00 1.148794779274036893e-04 1.363178408640082267e-04
7.118087772338636654e+00 1.139442808868217148e-04 1.351557677975915943e-04
7.159806737872833615e+00 1.101031975892264469e-04 1.303877303123676657e-04
7.250752802726271540e+00 1.021597628195932268e-04 1.205531466111142361e-04
7.291586169387435312e+00 9.877677291708934423e-05 1.163757842360026721e-04
7.303228699058403883e+00 9.783228532651917406e-05 1.152107396710451063e-04
7.314871228729372454e+00 9.689656280857810475e-05 1.140570415454282126e-04
7.359737513221871197e+00 9.337116894155516027e-05 1.097152722470799713e-04
7.493926826789056861e+00 8.355441625437305859e-05 9.766772096828047704e-05
7.576363463161427170e+00 7.802908882342420970e-05 9.091616759191367605e-05
7.609865222095038462e+00 7.588663426454841921e-05 8.830431557659449240e-05
7.643366981028649754e+00 7.380144089443404663e-05 8.576565767270262323e-05
7.676868739962261046e+00 7.177203381410638479e-05 8.329821034030910904e-05
7.709561024838111898e+00 6.984406598208764991e-05 8.095718404958159628e-05
7.759334532968875209e+00 6.700520811862021035e-05 7.751575343489873178e-05
7.831021634425963107e+00 6.311303970007794560e-05 7.280879636635857071e-05
7.913396760579535893e+00 5.891220276838025991e-05 6.774408667640842180e-05
8.052874328208478261e+00 5.241274556897351506e-05 5.994231910109135174e-05
8.204560777962516482e+00 4.613816553398775991e-05 5.245394915910108863e-05
8.294670048777391003e+00 4.276465454459437332e-05 4.844735185256179453e-05
8.331157800361181032e+00 4.146827025924033764e-05 4.691158894896983923e-05
8.367645551944971061e+00 4.021031918000157117e-05 4.542352024951089957e-05
8.404133303528761090e+00 3.898969509287511970e-05 4.398170383933274109e-05
8.439095302724730630e+00 3.785413490943248922e-05 4.264227381019092001e-05
8.491663048532826608e+00 3.620736890711098922e-05 4.070323495109254389e-05
8.570742126862441523e+00 3.386129250614279475e-05 3.794797716638165892e-05
8.665330196597730961e+00 3.124995591489488668e-05 3.489176245037164606e-05
8.818865023559109062e+00 2.742520439217239944e-05 3.043729756085211810e-05
8.967633722902137450e+00 2.415834892887058050e-05 2.665544293209700738e-05
9.129084242942456129e+00 2.104429555696485165e-05 2.307265236176208874e-05
9.298119540493948065e+00 1.820617207921665441e-05 1.982873574401988458e-05
9.300000000000000711e+00 1.817681492582047932e-05 1.979529798069046219e-05
9.300000000000000711e+00 1.817681492582047932e-05 1.979529798069046219e-05
9.300000027175824968e+00 1.817681450190405029e-05 1.979529757182663195e-05
9.300000027763635657e+00 1.817681449273286882e-05 1.979529754329248397e-05
9.300000028351446346e+00 1.817681448356165007e-05 1.979529751435834671e-05
9.300000029027428283e+00 1.817681447301516153e-05 1.979529748533611125e-05
9.300000029703410220e+00 1.817681446246941160e-05 1.979529746390449040e-05
9.300000030379392157e+00 1.817681445192412585e-05 1.979529744725796195e-05
9.300000031055374095e+00 1.817681444137904338e-05 1.979529743267452793e-05
9.300000031731356032e+00 1.817681443083405917e-05 1.979529741909087062e-05
9.300000032407337969e+00 1.817681442028913595e-05 1.979529740614660460e-05
9.300000033083316353e+00 1.817681440974429404e-05 1.979529739360814868e-05
9.300000033759294737e+00 1.817681439919947246e-05 1.979529738130038049e-05
9.300000034435273122e+00 1.817681438865466443e-05 1.979529736911916240e-05
9.300000035111247954e+00 1.817681437810993094e-05 1.979529735700998278e-05
9.300000035787222785e+00 1.817681436756520423e-05 1.979529734494286342e-05
9.300000036463197617e+00 1.817681435702047751e-05 1.979529733290013861e-05
9.300000037139112052e+00 1.817681434647669609e-05 1.979529732087244016e-05
9.300000037815026488e+00 1.817681433593291805e-05 1.979529730885270383e-05
9.300000038490940923e+00 1.817681432538914002e-05 1.979529729683755164e-05
9.300000039166269161e+00 1.817681431485449638e-05 1.979529728483545392e-05
9.300000039841597399e+00 1.817681430431985275e-05 1.979529727283486730e-05
9.300000040516925637e+00 1.817681429378520912e-05 1.979529726083515483e-05
9.300000041867582112e+00 1.817681427271592524e-05 1.979529723683682424e-05
9.300000043218238588e+00 1.817681425164664136e-05 1.979529721283936779e-05
9.300000044568895063e+00 1.817681423057735749e-05 1.979529718884222644e-05
9.300000058075459819e+00 1.817681401988450855e-05 1.979529694887151767e-05
9.300000071582024574e+00 1.817681380919166300e-05 1.979529670890077501e-05
9.300000206647670353e+00 1.817681170226337692e-05 1.979529430919324339e-05
9.300000341713316132e+00 1.817680959533526363e-05 1.979529190948599638e-05
9.300001692369773920e+00 1.817678852607133231e-05 1.979526791242926411e-05
9.300003043026231708e+00 1.817676745682532082e-05 1.979524391540114122e-05
9.300016549590806036e+00 1.817655676589752240e-05 1.979500394669309987e-05
9.300030056155380365e+00 1.817634607697708025e-05 1.979476398084524823e-05
9.300165121801125423e+00 1.817423932488225461e-05 1.979236447967651846e-05
9.300300187446870481e+00 1.817213280471720316e-05 1.978996526445713652e-05
9.300597856289121168e+00 1.816749112975151942e-05 1.978467868516933220e-05
9.300895525131371855e+00 1.816285061561316323e-05 1.977939349441372753e-05
9.301319314865212462e+00 1.815624587402329349e-05 1.977187133714433786e-05
9.301743104599053069e+00 1.814964364030127581e-05 1.976435213820135905e-05
9.302166894332893676e+00 1.814304367122995790e-05 1.975683562782197522e-05
9.302955176241733071e+00 1.813077348609761448e-05 1.974286184704159068e-05
9.303743458150572465e+00 1.811851147065183731e-05 1.972889779926113461e-05
9.304531740059411860e+00 1.810625759102313986e-05 1.971494346312740786e-05
9.307459954369472044e+00 1.806080958942929567e-05 1.966319251328989056e-05
9.310388168679532228e+00 1.801547361482407235e-05 1.961157514234633506e-05
9.313316382989592412e+00 1.797024938027815238e-05 1.956009101186311454e-05
9.319200726992404427e+00 1.787970659946971027e-05 1.945703347848854988e-05
9.325085070995216441e+00 1.778961182980510008e-05 1.935450992105442169e-05
9.330969414998028455e+00 1.769996288297705735e-05 1.925251762310694551e-05
9.336853759000840469e+00 1.761075762421754223e-05 1.915105390638189813e-05
9.351270354275216690e+00 1.739406713687849455e-05 1.890468568357589460e-05
9.365686949549592910e+00 1.717999566481992555e-05 1.866143500834454135e-05
9.380103544823969131e+00 1.696851228629656501e-05 1.842126326341864896e-05
9.394520140098345351e+00 1.675958640811328076e-05 1.818413224770252222e-05
9.418054499460485118e+00 1.642394228716703085e-05 1.780346362659051057e-05
9.441588858822624886e+00 1.609490364963316798e-05 1.743063649909095945e-05
9.465123218184764653e+00 1.577234340582826986e-05 1.706549263298941821e-05
9.488657577546904420e+00 1.545613680754195828e-05 1.670787687015253274e-05
9.512191936909044188e+00 1.514616140173031434e-05 1.635763705060725256e-05
9.557506951738057310e+00 1.456641834101637011e-05 1.570348346927901407e-05
9.602821966567070433e+00 1.400849974586730163e-05 1.507509177303787635e-05
9.614150720274324158e+00 1.387233526764596709e-05 1.492190168156202486e-05
9.614858767381027960e+00 1.386386831709793109e-05 1.491237834338653803e-05
9.615035779157704354e+00 1.386175237527238772e-05 1.490999844380180217e-05
9.615212790934380749e+00 1.385963675167743435e-05 1.490761891808439711e-05
9.615257043878550292e+00 1.385910789520746161e-05 1.490702409506645695e-05
9.615301296822719834e+00 1.385857905867185703e-05 1.490642929540977356e-05
9.615345549766889377e+00 1.385805024200211764e-05 1.490583451911461122e-05
9.615356613002932207e+00 1.385791804092384880e-05 1.490568582869084951e-05
9.615367676238975037e+00 1.385778584108650187e-05 1.490553713972715237e-05
9.615378739475017866e+00 1.385765364249115934e-05 1.490538845222345034e-05
9.615381505284029018e+00 1.385762059303619684e-05 1.490535128057567147e-05
9.615384271093040169e+00 1.385758754365871923e-05 1.490531410901912651e-05
9.615384443956102700e+00 1.385758547807519889e-05 1.490531178579987959e-05
9.615384487171867889e+00 1.385758496167936709e-05 1.490531120499510005e-05
9.615384530387633077e+00 1.385758444528355392e-05 1.490531062419036794e-05
9.615384573603398266e+00 1.385758392888775939e-05 1.490531004338567988e-05
9.615384584407339119e+00 1.385758379978881329e-05 1.490530989818450193e-05
9.615384595211279972e+00 1.385758367068986890e-05 1.490530975298334771e-05
9.615384606015220825e+00 1.385758354159092619e-05 1.490530960778218162e-05
9.615384608716206927e+00 1.385758350931619094e-05 1.490530957148187824e-05
9.615384611417193028e+00 1.385758347704145569e-05 1.490530953518156808e-05
9.615384614118179130e+00 1.385758344476672043e-05 1.490530949888126809e-05
9.615384614793425655e+00 1.385758343669803704e-05 1.490530948980619436e-05
9.615384614928474960e+00 1.385758343508430037e-05 1.490530948799117894e-05
9.615384615063524265e+00 1.385758343347056369e-05 1.490530948617616352e-05
9.615384615198573570e+00 1.385758343185682701e-05 1.490530948436114979e-05
9.615384615199142004e+00 1.385758343185004058e-05 1.490530948435351633e-05
9.615384615199710439e+00 1.385758343184325415e-05 1.490530948434588287e-05
9.615384615200845531e+00 1.385758343182967960e-05 1.490530948433061595e-05
9.615384615201980623e+00 1.385758343181610505e-05 1.490530948431534902e-05
9.615384615213340425e+00 1.385758343168036802e-05 1.490530948416268150e-05
9.615384615224700227e+00 1.385758343154463099e-05 1.490530948401001398e-05
9.615384615338294694e+00 1.385758343018725900e-05 1.490530948248334043e-05
9.615384615338648189e+00 1.385758343018303739e-05 1.490530948247859196e-05
9.615384615339001684e+00 1.385758343017881578e-05 1.490530948247384349e-05
9.615384615339708674e+00 1.385758343017037255e-05 1.490530948246434825e-05
9.615384615340415664e+00 1.385758343016192933e-05 1.490530948245485301e-05
9.615384615347480235e+00 1.385758343007750386e-05 1.490530948235989723e-05
9.615384615354544806e+00 1.385758342999307839e-05 1.490530948226494145e-05
9.615384615354820141e+00 1.385758342998979021e-05 1.490530948226124161e-05
9.615384615355095477e+00 1.385758342998650203e-05 1.490530948225754177e-05
9.615384615355646147e+00 1.385758342997992397e-05 1.490530948225014379e-05
9.615384615356196818e+00 1.385758342997334591e-05 1.490530948224274580e-05
9.615384615361701748e+00 1.385758342990756872e-05 1.490530948216876425e-05
9.615384615367206678e+00 1.385758342984179153e-05 1.490530948209478270e-05
9.615384615367448262e+00 1.385758342983890146e-05 1.490530948209153178e-05
9.615384615367689847e+00 1.385758342983601138e-05 1.490530948208828087e-05
9.615384615368173016e+00 1.385758342983023123e-05 1.490530948208178074e-05
9.615384615368656185e+00 1.385758342982445107e-05 1.490530948207528061e-05
9.615384615373493205e+00 1.385758342976665293e-05 1.490530948201027422e-05
9.615384615378330224e+00 1.385758342970885479e-05 1.490530948194526783e-05
9.615384615378555822e+00 1.385758342970615106e-05 1.490530948194222698e-05
9.615384615378781419e+00 1.385758342970344734e-05 1.490530948193918613e-05
9.615384615379234390e+00 1.385758342969803988e-05 1.490530948193310444e-05
9.615384615379687361e+00 1.385758342969263242e-05 1.490530948192702274e-05
9.615384615384213518e+00 1.385758342963855784e-05 1.490530948186620408e-05
9.615384615384281020e+00 1.385758342963774130e-05 1.490530948186528590e-05
9.615384615384348521e+00 1.385758342963692476e-05 1.490530948186436771e-05
9.615384615384485301e+00 1.385758342963529168e-05 1.490530948186253134e-05
9.615384615384497735e+00 1.385758342963514937e-05 1.490530948186237210e-05
9.615384615384510170e+00 1.385758342963500707e-05 1.490530948186221286e-05
9.615384615384533262e+00 1.385758342963472416e-05 1.490530948186189438e-05
9.615384615384556355e+00 1.385758342963444126e-05 1.490530948186157589e-05
9.615384615384572342e+00 1.385758342963425491e-05 1.490530948186136583e-05
9.615384615384588329e+00 1.385758342963406856e-05 1.490530948186115576e-05
9.615384615384593658e+00 1.385758342963400080e-05 1.490530948186107953e-05
9.615384615384598987e+00 1.385758342963393304e-05 1.490530948186100330e-05
9.615384615384609646e+00 1.385758342963379751e-05 1.490530948186085083e-05
9.615384615384613198e+00 1.385758342963375685e-05 1.490530948186080509e-05
9.615384615384614975e+00 1.385758342963373483e-05 1.490530948186077968e-05
9.615384615384616751e+00 1.385758342943236461e-05 1.490530760708763954e-05
9.615384615384618527e+00 1.385758342925904134e-05 1.490530599344382692e-05
9.615384615384620304e+00 1.385758342908571976e-05 1.490530437980117812e-05
9.615384615384632738e+00 1.385758342735250400e-05 1.490528824343286778e-05
9.615384615384645173e+00 1.385758342561929841e-05 1.490527210718092960e-05
9.615384615384657607e+00 1.385758342388610467e-05 1.490525597104536189e-05
9.615384615384776623e+00 1.385758340655480091e-05 1.490509461608984201e-05
9.615384615384895639e+00 1.385758338922464572e-05 1.490493327277030849e-05
9.615384615385014655e+00 1.385758337189563742e-05 1.490477194108579911e-05
9.615384615385133671e+00 1.385758335456777600e-05 1.490461062103534825e-05
9.615384615386329159e+00 1.385758318135226742e-05 1.490299806019190339e-05
9.615384615387524647e+00 1.385758300825142678e-05 1.490138666169365218e-05
9.615384615388720135e+00 1.385758283526516937e-05 1.489977642457722847e-05
9.615384615389915623e+00 1.385758266239341557e-05 1.489816734788023851e-05
9.615384615401865176e+00 1.385758093995537152e-05 1.488214019295551192e-05
9.615384615413814728e+00 1.385757922887720482e-05 1.486622802843129953e-05
9.615384615425764281e+00 1.385757752907745800e-05 1.485042990772067459e-05
9.615384615437713833e+00 1.385757584047533766e-05 1.483474489356205013e-05
9.615384615449663386e+00 1.385757416299071448e-05 1.481917205799783032e-05
9.615384615569153581e+00 1.385755798243847374e-05 1.466941576941047685e-05
9.615384615688643777e+00 1.385754283018068698e-05 1.452992145388403495e-05
9.615384615808133972e+00 1.385752863607182162e-05 1.439989803926701291e-05
9.615384615927624168e+00 1.385751533533895308e-05 1.427862617453358358e-05
9.615384616047114363e+00 1.385750286809514945e-05 1.416545038090455002e-05
9.615384616166604559e+00 1.385749117890899411e-05 1.405977226889478891e-05
9.615384616372539384e+00 1.385747271151550647e-05 1.389366759077393403e-05
9.615384616578474208e+00 1.385745616670081930e-05 1.374573763576890580e-05
9.615384616784409033e+00 1.385744133518406725e-05 1.361383126620632083e-05
9.615384616990343858e+00 1.385742803222205363e-05 1.349608309545754139e-05
9.615384617196278683e+00 1.385741609440916670e-05 1.339086985860736552e-05
9.615384617402213507e+00 1.385740537695588484e-05 1.329677447574993095e-05
9.615384617608148332e+00 1.385739575133346589e-05 1.321255591718744797e-05
9.615384617916104659e+00 1.385738314925166646e-05 1.310270929722072078e-05
9.615384618224060986e+00 1.385737240484405810e-05 1.300942438774199828e-05
9.615384618532017313e+00 1.385736323894470891e-05 1.293011151755757325e-05
9.615384618839973641e+00 1.385735541578972633e-05 1.286261092689256216e-05
9.615384619147929968e+00 1.385734873588501618e-05 1.280511481067214410e-05
9.615384619455886295e+00 1.385734303013399627e-05 1.275610507947710490e-05
9.615384619763842622e+00 1.385733815500723525e-05 1.271430350577783955e-05
9.615384620162791052e+00 1.385733287746216830e-05 1.266912679396008184e-05
9.615384620561739482e+00 1.385732857011615570e-05 1.263231230189090142e-05
9.615384620960687911e+00 1.385732505361561720e-05 1.260229414232196374e-05
9.615384621359636341e+00 1.385732218211680211e-05 1.257780566699283707e-05
9.615384621758584771e+00 1.385731983691132935e-05 1.255782031492821689e-05
9.615384622157533201e+00 1.385731792128696415e-05 1.254150468748903264e-05
9.615384622556481631e+00 1.385731635641156136e-05 1.252818142367912880e-05
9.615384623043800261e+00 1.385731482809279445e-05 1.251517235517414387e-05
9.615384623531118891e+00 1.385731363417787818e-05 1.250501021562328244e-05
9.615384624018437520e+00 1.385731270150752657e-05 1.249707032949758231e-05
9.615384624505756150e+00 1.385731197296702289e-05 1.249086573777574478e-05
9.615384624993074780e+00 1.385731140395556777e-05 1.248601660833565171e-05
9.615384625480393410e+00 1.385731095962574297e-05 1.248222643765103776e-05
9.615384625967712040e+00 1.385731061275404507e-05 1.247926375354582402e-05
9.615384626531170653e+00 1.385731030551585903e-05 1.247663464948061996e-05
9.615384627094629266e+00 1.385731007503408767e-05 1.247465696897773176e-05
9.615384627658087879e+00 1.385730990228440995e-05 1.247316917518565772e-05
9.615384628221546492e+00 1.385730977295948224e-05 1.247204981772259953e-05
9.615384628785005106e+00 1.385730967631123741e-05 1.247120768006842082e-05
9.615384629348463719e+00 1.385730960424653654e-05 1.247057408856491052e-05
9.615384630041235781e+00 1.385730954049337187e-05 1.247000588733283980e-05
9.615384630734007843e+00 1.385730949650473339e-05 1.246960533702302764e-05
9.615384631426779904e+00 1.385730946645385773e-05 1.246932300985552034e-05
9.615384632119551966e+00 1.385730944622992121e-05 1.246912403604697404e-05
9.615384632812324028e+00 1.385730943292813274e-05 1.246898377689755929e-05
9.615384633505096090e+00 1.385730942450751902e-05 1.246888492117952440e-05
9.615384634396276553e+00 1.385730941858510192e-05 1.246879940134035711e-05
9.615384635287457016e+00 1.385730941630251415e-05 1.246874475831386773e-05
9.615384636178637479e+00 1.385730941636342259e-05 1.246870999731897852e-05
9.615384637069817941e+00 1.385730941791553763e-05 1.246868788975089317e-05
9.615384637960998404e+00 1.385730942040604827e-05 1.246867374701298364e-05
9.615384639050324367e+00 1.385730942424931289e-05 1.246866324457041297e-05
9.615384640139650330e+00 1.385730942861542892e-05 1.246865718554749050e-05
9.615384641228976292e+00 1.385730943327138437e-05 1.246865359369573619e-05
9.615384642318302255e+00 1.385730943810482881e-05 1.246865151612698933e-05
9.615384643457154823e+00 1.385730944326711007e-05 1.246865027880177343e-05
9.615384644596007391e+00 1.385730944849640688e-05 1.246864961964708832e-05
9.615384645734859959e+00 1.385730945375902089e-05 1.246864925284051405e-05
9.615384646873714303e+00 1.385730945903766246e-05 1.246864903170559371e-05
9.615384648012568647e+00 1.385730946432521481e-05 1.246864889594034756e-05
9.615384649151422991e+00 1.385730946961781039e-05 1.246864881272484926e-05
9.615384650290277335e+00 1.385730947491285898e-05 1.246864876008895137e-05
9.615384651429131679e+00 1.385730948020877494e-05 1.246864872458541292e-05
9.615384657860376549e+00 1.385730951010296136e-05 1.246864860171425963e-05
9.615384664291621419e+00 1.385730953996755076e-05 1.246864853958520780e-05
9.615384670722866289e+00 1.385730956979543992e-05 1.246864847785564889e-05
9.615384735035320318e+00 1.385730986421924566e-05 1.246864777167168707e-05
9.615384799347774347e+00 1.385731015499442649e-05 1.246864706277277291e-05
9.615385442472316413e+00 1.385731271006302520e-05 1.246863997298960223e-05
9.615386085596858479e+00 1.385731492419169436e-05 1.246863288324398392e-05
9.615389000395209607e+00 1.385732178757568406e-05 1.246860075116176488e-05
9.615391915193560735e+00 1.385732270638475822e-05 1.246856861979129069e-05
9.615394829991911863e+00 1.385731846095800943e-05 1.246853648904976556e-05
9.615401006059469680e+00 1.385729515218535078e-05 1.246846841009560429e-05
9.615407182127027497e+00 1.385725715815077790e-05 1.246840033306342007e-05
9.615413358194585314e+00 1.385720911345747105e-05 1.246833225746147301e-05
9.615419534262143131e+00 1.385715397665976750e-05 1.246826418297591706e-05
9.615425710329700948e+00 1.385709371284882434e-05 1.246819610939826523e-05
9.615431886397258765e+00 1.385702970936060876e-05 1.246812803658135403e-05
9.615438062464816582e+00 1.385696298304604104e-05 1.246805996441726128e-05
9.615447391838356950e+00 1.385685853505551145e-05 1.246795713782342502e-05
9.615456721211897317e+00 1.385675132005770969e-05 1.246785431235365400e-05
9.615466050585437685e+00 1.385664247301601384e-05 1.246775148788752554e-05
9.615475379958978053e+00 1.385653264367794755e-05 1.246764866435610810e-05
9.615488553481037926e+00 1.385637651815118835e-05 1.246750347413205938e-05
9.615501727003097798e+00 1.385621977397053124e-05 1.246735828562953906e-05
9.615514900525157671e+00 1.385606273414747258e-05 1.246721309881423214e-05
9.615528074047217544e+00 1.385590554161091601e-05 1.246706791367096825e-05
9.615556026802178025e+00 1.385557176028710606e-05 1.246675985238427795e-05
9.615583979557138505e+00 1.385523785861506433e-05 1.246645179856535875e-05
9.615611932312098986e+00 1.385490391348916853e-05 1.246614375220585723e-05
9.615792984139416077e+00 1.385274071020542669e-05 1.246414869625841562e-05
9.615815474132288543e+00 1.385247230888179080e-05 1.246390089513184298e-05
9.615837964125161008e+00 1.385220376972213172e-05 1.246365309884470329e-05
9.615860454118033473e+00 1.385193514984497616e-05 1.246340530739087082e-05
9.615882944110905939e+00 1.385166651280918280e-05 1.246315752076353373e-05
9.615927924096652646e+00 1.385112924720685830e-05 1.246266196198151859e-05
9.615972904082399353e+00 1.385059203594935623e-05 1.246216642249124803e-05
9.616017884068146060e+00 1.385005485245155314e-05 1.246167090229481591e-05
9.616062864053892767e+00 1.384951768030999362e-05 1.246117540139320819e-05
9.616259261422625215e+00 1.384717243310862902e-05 1.245901210798236895e-05
9.616455658791357664e+00 1.384482755039631589e-05 1.245684918233267960e-05
9.616652056160090112e+00 1.384248307282798956e-05 1.245468662438135469e-05
9.617338527054963393e+00 1.383429145936240250e-05 1.244713068851368922e-05
9.618024997949836674e+00 1.382610461313414224e-05 1.243957924157100594e-05
9.618711468844709955e+00 1.381792251777408872e-05 1.243203228095742329e-05
9.621960874441130684e+00 1.377925719851990067e-05 1.239636959041028627e-05
9.625210280037551414e+00 1.374069824920231414e-05 1.236080708865160781e-05
9.628459685633972143e+00 1.370224539489735009e-05 1.232534450112110785e-05
9.634482769792334977e+00 1.363124891060039538e-05 1.225987451442419644e-05
9.640505853950697812e+00 1.356061412662913035e-05 1.219474514526769722e-05
9.646528938109060647e+00 1.349033921244199426e-05 1.212995466345662814e-05
9.652552022267423482e+00 1.342042240494851325e-05 1.206550136403807012e-05
9.666480523491001620e+00 1.326010010618281561e-05 1.191773386607456778e-05
9.680409024714579758e+00 1.310166133885534615e-05 1.177173942857625829e-05
9.694337525938157896e+00 1.294508443668958458e-05 1.162749733977708225e-05
9.708266027161736034e+00 1.279034799755324519e-05 1.148498712406387267e-05
9.740399407645236707e+00 1.244027255292550006e-05 1.116270878694431233e-05
9.772532788128737380e+00 1.209962504219871917e-05 1.084929672191483275e-05
9.804666168612238053e+00 1.176815674169360726e-05 1.054451323686488221e-05
9.836799549095738726e+00 1.144562532055382455e-05 1.024812678815590102e-05
9.868932929579239399e+00 1.113179453334299694e-05 9.959911722208164369e-06
9.915709340354997181e+00 1.069003165721324742e-05 9.554512796151086115e-06
9.962485751130754963e+00 1.026553238646230526e-05 9.165308931331358911e-06
9.984869135320137090e+00 1.006831421242784662e-05 8.984611125087334113e-06
9.990862166272849620e+00 1.001614614810773732e-05 8.936826365315327030e-06
9.996855197225562151e+00 9.964244181372073939e-06 8.889290951554120122e-06
9.997254863846693596e+00 9.960792388621353207e-06 8.886129720669777492e-06
9.997654530467825040e+00 9.957341735352077535e-06 8.882969592738155473e-06
9.998148327330602214e+00 9.953079818023533010e-06 8.879066587504367739e-06
9.998642124193379388e+00 9.948820026586876889e-06 8.875165562582598973e-06
9.999135921056156562e+00 9.944561947245426705e-06 8.871266079816773084e-06
9.999917303873781194e+00 9.937827441224094291e-06 8.865098828042301278e-06
9.999917697701389940e+00 9.937824048016285849e-06 8.865095720771018283e-06
9.999918091528998687e+00 9.937820654811055775e-06 8.865092613501546244e-06
9.999918879184216181e+00 9.937813868410721058e-06 8.865086398965856467e-06
9.999919666839433674e+00 9.937807082020361002e-06 8.865080184434420490e-06
9.999927543391617490e+00 9.937739218950659292e-06 8.865018039355103887e-06
9.999935419943801307e+00 9.937671356632143670e-06 8.864955894703064585e-06
9.999935504774949635e+00 9.937670625749197477e-06 8.864955225402046236e-06
9.999935589606097963e+00 9.937669894866346153e-06 8.864954556101138002e-06
9.999935759268394619e+00 9.937668433101019586e-06 8.864953217499484163e-06
9.999935928930691276e+00 9.937666971336065713e-06 8.864951878898020060e-06
9.999937625553657838e+00 9.937652353722520809e-06 8.864938492894390459e-06
9.999939322176624401e+00 9.937637736144120995e-06 8.864925106910556018e-06
9.999956288406293581e+00 9.937491562989397828e-06 8.864791248162866475e-06
9.999973254635962761e+00 9.937345392270880332e-06 8.864657391397916738e-06
9.999973424019595214e+00 9.937343932964802119e-06 8.864656055038670819e-06
9.999973593403227667e+00 9.937342473659028838e-06 8.864654718679772184e-06
9.999973932170492574e+00 9.937339555048693533e-06 8.864652045962567836e-06
9.999974270937757481e+00 9.937336636439566097e-06 8.864649373246137677e-06
9.999977658610410103e+00 9.937307450461043684e-06 8.864622646125366800e-06
9.999981046283062724e+00 9.937278264592227283e-06 8.864595919083637649e-06
9.999981088649510852e+00 9.937277899591927062e-06 8.864595584834024933e-06
9.999981131015958979e+00 9.937277534591645476e-06 8.864595250584471510e-06
9.999981215748855234e+00 9.937276804591151761e-06 8.864594582085381604e-06
9.999981300481751489e+00 9.937276074590730890e-06 8.864593913586350991e-06
9.999982147810712263e+00 9.937268774593552558e-06 8.864587228598794325e-06
9.999982995139673037e+00 9.937261474603355471e-06 8.864580543616147062e-06
9.999991468429287877e+00 9.937188475304931153e-06 8.864513694061832894e-06
9.999999941718902718e+00 9.937115476592535049e-06 8.864446845001986068e-06
9.999999943194897156e+00 9.937115463876615559e-06 8.864446833357319310e-06
9.999999944670891594e+00 9.937115451160696069e-06 8.864446821712655941e-06
9.999999947622880470e+00 9.937115425728857088e-06 8.864446798423346143e-06
9.999999950574869345e+00 9.937115400297018107e-06 8.864446775134039732e-06
9.999999980094752772e+00 9.937115145978629995e-06 8.864446542241124710e-06
9.999999980937223754e+00 9.937115138720614734e-06 8.864446535594572369e-06
9.999999981779694735e+00 9.937115131462599473e-06 8.864446528948016641e-06
9.999999983464634923e+00 9.937115116946570645e-06 8.864446515654915348e-06
9.999999985149575110e+00 9.937115102430541818e-06 8.864446502361812360e-06
9.999999985785917644e+00 9.937115096948359930e-06 8.864446497341485351e-06
9.999999986422260179e+00 9.937115091466178042e-06 8.864446492321156648e-06
9.999999987694943471e+00 9.937115080501812572e-06 8.864446482280504325e-06
9.999999988967626763e+00 9.937115069537447103e-06 8.864446472239850307e-06
9.999999989520626187e+00 9.937115064773264551e-06 8.864446467877034317e-06
9.999999990073625611e+00 9.937115060009082000e-06 8.864446463514218328e-06
9.999999991179626235e+00 9.937115050480716896e-06 8.864446454788584654e-06
9.999999992285626860e+00 9.937115040952351793e-06 8.864446446062954369e-06
9.999999992801127391e+00 9.937115036511232690e-06 8.864446441995983271e-06
9.999999993316627922e+00 9.937115032070113586e-06 8.864446437929012173e-06
9.999999994347628984e+00 9.937115023187875380e-06 8.864446429795076754e-06
9.999999995378630047e+00 9.937115014305637173e-06 8.864446421661137946e-06
9.999999995876338588e+00 9.937115010017798846e-06 8.864446417734538842e-06
9.999999996374047129e+00 9.937115005729960519e-06 8.864446413807939738e-06
9.999999997369464211e+00 9.937114997154285559e-06 8.864446405954739836e-06
9.999999998364881293e+00 9.937114988578610598e-06 8.864446398101538240e-06
9.999999998853922989e+00 9.937114984365446696e-06 8.864446394243320106e-06
9.999999999342964685e+00 9.937114980152282793e-06 8.864446390385101972e-06
9.999999999496230529e+00 9.937114978831868543e-06 8.864446389175928558e-06
9.999999999649496374e+00 9.937114977511454292e-06 8.864446387966753451e-06
9.999999999956029839e+00 9.937114974870624097e-06 8.864446385548403236e-06
9.999999999973189446e+00 9.937114974722788049e-06 8.864446385413021960e-06
9.999999999990349053e+00 9.937114974574952001e-06 8.864446385277640684e-06
1.000000000002467004e+01 9.937112989444919843e-06 8.864444422753996316e-06
1.000000000005337952e+01 9.937111328866362790e-06 8.864442796710146510e-06
1.000000000008208900e+01 9.937109668291348028e-06 8.864441186146750469e-06
1.000000000036918024e+01 9.937093062714086615e-06 8.864425819128953938e-06
1.000000000065627148e+01 9.937076457474521991e-06 8.864411861587532471e-06
1.000000000094336272e+01 9.937059852557229687e-06 8.864399184149883960e-06
1.000000000230686581e+01 9.936980993803120094e-06 8.864353413375450407e-06
1.000000000367036890e+01 9.936902140848306278e-06 8.864324188245858996e-06
1.000000000503387199e+01 9.936823292981128097e-06 8.864305540771416799e-06
1.000000000639737507e+01 9.936744449764580925e-06 8.864293806816219334e-06
1.000000000804011435e+01 9.936649465724823081e-06 8.864285264625172889e-06
1.000000000968285363e+01 9.936554487661097826e-06 8.864280265964667054e-06
1.000000001132559291e+01 9.936459515404525426e-06 8.864277396925774553e-06
1.000000001296833219e+01 9.936364548850043301e-06 8.864275778918337875e-06
1.000000001468575483e+01 9.936265270880854618e-06 8.864274798519854870e-06
1.000000001640317748e+01 9.936165999034948427e-06 8.864274276738536766e-06
1.000000001812060013e+01 9.936066733285771937e-06 8.864273993940485229e-06
1.000000001983802456e+01 9.935967473498406353e-06 8.864273827373028245e-06
1.000000002155544898e+01 9.935868219786477757e-06 8.864273727279527726e-06
1.000000002327287341e+01 9.935768972146599712e-06 8.864273668346963088e-06
1.000000002499029783e+01 9.935669730571289527e-06 8.864273633640123499e-06
1.000000002670772226e+01 9.935570495063999710e-06 8.864273612526450013e-06
1.000000003715601515e+01 9.934966906785105286e-06 8.864273550972692791e-06
1.000000004760430805e+01 9.934363542932694459e-06 8.864273541461507210e-06
1.000000005805260095e+01 9.933760403422673796e-06 8.864273531001956436e-06
1.000000009148512170e+01 9.931831979412782444e-06 8.864273475267227470e-06
1.000000012491764245e+01 9.929905848625851929e-06 8.864273415665750749e-06
1.000000015835016320e+01 9.927982008476187123e-06 8.864273356248798461e-06
1.000000041040441090e+01 9.913551051705505430e-06 8.864272902085031252e-06
1.000000066245865860e+01 9.899248873634441826e-06 8.864272434368025379e-06
1.000000091451290629e+01 9.885074399471612284e-06 8.864271953003858442e-06
1.000000132921846507e+01 9.862028498473715475e-06 8.864271131725711973e-06
1.000000174392402386e+01 9.839320606053588775e-06 8.864270274502775404e-06
1.000000215862958264e+01 9.816945416245682307e-06 8.864269381901276708e-06
1.000000257333514142e+01 9.794898000989327248e-06 8.864268454445063412e-06
1.000000319667845616e+01 9.762364767099099999e-06 8.864266995924288079e-06
1.000000382002177091e+01 9.730545380184698207e-06 8.864265461494158125e-06
1.000000444336508565e+01 9.699424186842791118e-06 8.864263852819247451e-06
1.000000506670840039e+01 9.668985866201327303e-06 8.864262171528771415e-06
1.000000681557548354e+01 9.587106539496634240e-06 8.864257080237596278e-06
1.000000856444256669e+01 9.510167626381217450e-06 8.864251463591120360e-06
1.000001031330964985e+01 9.437871294276537769e-06 8.864245353260725489e-06
1.000001206217673300e+01 9.369938017258718602e-06 8.864238778971176251e-06
1.000001381104381615e+01 9.306104621414645781e-06 8.864231768708458165e-06
1.000001555991089930e+01 9.246123482415403305e-06 8.864224348805097614e-06
1.000001730877798245e+01 9.189761928216680817e-06 8.864216544003631718e-06
1.000001905764506560e+01 9.136801449058697675e-06 8.864208377540666191e-06
1.000002127332049007e+01 9.074269012068163622e-06 8.864197545930035049e-06
1.000002348899591453e+01 9.016478295321512238e-06 8.864186210100219598e-06
1.000002570467133900e+01 8.963069630817300341e-06 8.864174408299072192e-06
1.000002792034676347e+01 8.913710401378908147e-06 8.864162175897895887e-06
1.000003013602218793e+01 8.868093366903979531e-06 8.864149545569422999e-06
1.000003235169761240e+01 8.825934796314492402e-06 8.864136547486400289e-06
1.000003562212243580e+01 8.769476818843042614e-06 8.864116748281125738e-06
1.000003889254725919e+01 8.719221129635357063e-06 8.864096289569196779e-06
1.000004216297208259e+01 8.674485956028115568e-06 8.864075243852847461e-06
1.000004543339690599e+01 8.634664437004184505e-06 8.864053675667970351e-06
1.000004870382172939e+01 8.599216563755398193e-06 8.864031642441351147e-06
1.000005197424655279e+01 8.567661754683593818e-06 8.864009195280084751e-06
1.000005593747711430e+01 8.534029792717250155e-06 8.863981503042587645e-06
1.000005990070767581e+01 8.504819531654936137e-06 8.863953340686161808e-06
1.000006386393823732e+01 8.479449012667655079e-06 8.863924770099506701e-06
1.000006782716879883e+01 8.457412932894970374e-06 8.863895845017755529e-06
1.000007179039936034e+01 8.438272573730152239e-06 8.863866612100348383e-06
1.000007575362992185e+01 8.421646956252001247e-06 8.863837111851157358e-06
1.000007971686048336e+01 8.407205193687939242e-06 8.863807379492029932e-06
1.000008368009104487e+01 8.394659916976278459e-06 8.863777445483797242e-06
1.000008764332160638e+01 8.383761580358677014e-06 8.863747336658772379e-06
1.000009219121039017e+01 8.373006130588012100e-06 8.863712599813375256e-06
1.000009673909917396e+01 8.363853429564479722e-06 8.863677692786238338e-06
1.000010128698795775e+01 8.356063875479930413e-06 8.863642640938602105e-06
1.000010583487674154e+01 8.349433698149615773e-06 8.863607465937413493e-06
1.000011038276552533e+01 8.343789624684680559e-06 8.863572186211366742e-06
1.000011493065430912e+01 8.338984290553450151e-06 8.863536817431221898e-06
1.000012029589777107e+01 8.334224172494149479e-06 8.863494995645874991e-06
1.000012566114123302e+01 8.330285057813891089e-06 8.863453086739796246e-06
1.000013102638469498e+01 8.327024126986492389e-06 8.863411105929307448e-06
1.000013639162815693e+01 8.324323429833864379e-06 8.863369065684773238e-06
1.000014175687161888e+01 8.322085589168947117e-06 8.863326976564235685e-06
1.000014712211508083e+01 8.320230173458080980e-06 8.863284846572737206e-06
1.000015356667164568e+01 8.318414221227101045e-06 8.863234198327006252e-06
1.000016001122821052e+01 8.316961200091864132e-06 8.863183511559966828e-06
1.000016645578477537e+01 8.315796634305374366e-06 8.863132794400717794e-06
1.000017290034134021e+01 8.314861371420332855e-06 8.863082053143789681e-06
1.000017934489790505e+01 8.314108443194879382e-06 8.863031292781530304e-06
1.000018578945446990e+01 8.313500506127240481e-06 8.862980517286473366e-06
1.000019371771811372e+01 8.312908255702555006e-06 8.862918035765754817e-06
1.000020164598175754e+01 8.312447919169998770e-06 8.862855540667320046e-06
1.000020957424540136e+01 8.312086958992050833e-06 8.862793035387384925e-06
1.000021750250904518e+01 8.311800887664398373e-06 8.862730522724298978e-06
1.000022543077268899e+01 8.311571317702652156e-06 8.862668004022173049e-06
1.000023335903633281e+01 8.311384402236504849e-06 8.862605482646189416e-06
1.000024377576460211e+01 8.311186507981820889e-06 8.862523330876554575e-06
1.000025419249287140e+01 8.311027166158718938e-06 8.862441176567044008e-06
1.000026460922114069e+01 8.310894329378082886e-06 8.862359020191430347e-06
1.000027502594940998e+01 8.310779759340946923e-06 8.862276862616074138e-06
1.000028544267767927e+01 8.310677848956312067e-06 8.862194704444752323e-06
1.000029585940594856e+01 8.310584719575451996e-06 8.862112546085655163e-06
1.000031036899792092e+01 8.310464764751517244e-06 8.861998106880094903e-06
1.000032487858989327e+01 8.310351893185556930e-06 8.861883668371181973e-06
1.000033938818186563e+01 8.310243130005211831e-06 8.861769230875345859e-06
1.000035389777383799e+01 8.310136807602925321e-06 8.861654794569892579e-06
1.000036840736581034e+01 8.310032011284123043e-06 8.861540359552080151e-06
1.000038291695778270e+01 8.309928166565622076e-06 8.861425925882976263e-06
1.000040549201479756e+01 8.309767726010342767e-06 8.861247884589899601e-06
1.000042806707181242e+01 8.309607853051179034e-06 8.861069846746190128e-06
1.000045064212882728e+01 8.309448104993315135e-06 8.860891812398875113e-06
1.000047321718584215e+01 8.309288440238305731e-06 8.860713781552311693e-06
1.000049579224285701e+01 8.309128911315910406e-06 8.860535754200848466e-06
1.000051836729987187e+01 8.308969470882814992e-06 8.860357730349462596e-06
1.000055484102921177e+01 8.308711972101323330e-06 8.860070110849194028e-06
1.000059131475855168e+01 8.308454366995934566e-06 8.859782500520828606e-06
1.000062778848789158e+01 8.308196680106072403e-06 8.859494899361452537e-06
1.000066426221723148e+01 8.307939068679097183e-06 8.859207307354055705e-06
1.000070073594657138e+01 8.307681548668737249e-06 8.858919724496674687e-06
1.000073720967591129e+01 8.307424022572543844e-06 8.858632150799387482e-06
1.000081644224521860e+01 8.306864614694650661e-06 8.858007480596271984e-06
1.000089567481452590e+01 8.306305130109609629e-06 8.857382853620183601e-06
1.000097490738383321e+01 8.305745705774867475e-06 8.856758269853644654e-06
1.000105413995314052e+01 8.305186375952720566e-06 8.856133729290092334e-06
1.000113337252244783e+01 8.304627084957686434e-06 8.855509231932525135e-06
1.000135135975232537e+01 8.303088571115522915e-06 8.853791317353767114e-06
1.000156934698220290e+01 8.301550185978377570e-06 8.852073729747012983e-06
1.000178733421208044e+01 8.300012090401337516e-06 8.850356469036561711e-06
1.000200532144195797e+01 8.298474337004820269e-06 8.848639535155094509e-06
1.000222330867183551e+01 8.296936861972841813e-06 8.846922928048635049e-06
1.000287833869371568e+01 8.292318608830734288e-06 8.841766659467286966e-06
1.000340188083618642e+01 8.288628955951277968e-06 8.837647557963087817e-06
1.000392542297865717e+01 8.284941316683475571e-06 8.833530339079324894e-06
1.000444896512112791e+01 8.281255381893203496e-06 8.829415002013764823e-06
1.000497250726359866e+01 8.277570376474508134e-06 8.825301546012190833e-06
1.000549604940606940e+01 8.273887266996126697e-06 8.821189970122117761e-06
1.000601959154854015e+01 8.270206088106951556e-06 8.817080273508792946e-06
1.000654313369101089e+01 8.266526165650022731e-06 8.812972455412947911e-06
1.000706667583348164e+01 8.262847893135468404e-06 8.808866514937254588e-06
1.000759021797595238e+01 8.259171626203757840e-06 8.804762451206770292e-06
1.000811376011842313e+01 8.255496672810612845e-06 8.800660263488686163e-06
1.000863730226089388e+01 8.251822678255567439e-06 8.796559950976177910e-06
1.000938461844321736e+01 8.246582046105545646e-06 8.790710316719016736e-06
1.001013193462554085e+01 8.241344744384904346e-06 8.784864498982331341e-06
1.001087925080786434e+01 8.236110720778091812e-06 8.779022495270215478e-06
1.001162656699018783e+01 8.230879598922474089e-06 8.773184303357549170e-06
1.001279387478454375e+01 8.222715422547936611e-06 8.764072669053897912e-06
1.001396118257889967e+01 8.214559130421527494e-06 8.754970319460459436e-06
1.001512849037325559e+01 8.206410750087785789e-06 8.745877245292295744e-06
1.001629579816761151e+01 8.198270297721273187e-06 8.736793437324521779e-06
1.002141657600358116e+01 8.162652852013344443e-06 8.697053593120994240e-06
1.002653735383955080e+01 8.127186971037649922e-06 8.657491117310261793e-06
1.003165813167552045e+01 8.091872040877772393e-06 8.618105245795022569e-06
1.003981351062995842e+01 8.035939319256454064e-06 8.555741749775174721e-06
1.004796888958439638e+01 7.980385340464428632e-06 8.493821130700357429e-06
1.005612426853883434e+01 7.925207605643736893e-06 8.432340323589985958e-06
1.006427964749327231e+01 7.870403638107713713e-06 8.371296285973808132e-06
1.008909274284111035e+01 7.705933309214841234e-06 8.188221894178783903e-06
1.011390583818894839e+01 7.544831654610741256e-06 8.009078543110867180e-06
1.013871893353678644e+01 7.387031405685299690e-06 7.833783707031749912e-06
1.016353202888462448e+01 7.232466736497129813e-06 7.662256728569930399e-06
1.019599544650820633e+01 7.035025394330528335e-06 7.443403056922360258e-06
1.022845886413178818e+01 6.842870162185092079e-06 7.230690321555756115e-06
1.026092228175537002e+01 6.655863186998445335e-06 7.023950270245828682e-06
1.029338569937895187e+01 6.473869898375280318e-06 6.823018856024836217e-06
1.032584911700253372e+01 6.296759133686567098e-06 6.627736388602114590e-06
1.038029552405543221e+01 6.010327202614957853e-06 6.312473054286890058e-06
1.043474193110833070e+01 5.736688675955238188e-06 6.011957820026579135e-06
1.048918833816122920e+01 5.475285550252524456e-06 5.725515334151426199e-06
1.054363474521412769e+01 5.225583354565209801e-06 5.452500298950583483e-06
1.059808115226702618e+01 4.987070082832224873e-06 5.192295911894029217e-06
1.067422615955641341e+01 4.671340572572731349e-06 4.848763722807161800e-06
1.075037116684580063e+01 4.375267502158317572e-06 4.527614954522107191e-06
1.082651617413518785e+01 4.097652473486878382e-06 4.227418284005425465e-06
1.088684172021883256e+01 3.890070977880058228e-06 4.003574897675699336e-06
1.094716726630247727e+01 3.692836497567978972e-06 3.791409997349634001e-06
1.100749281238612198e+01 3.505443292899358254e-06 3.590324651696943700e-06
1.106781835846976669e+01 3.327410307432178990e-06 3.399750762197348033e-06
1.112814390455341140e+01 3.158280064147938965e-06 3.219150074220548295e-06
1.118846945063705611e+01 2.997615394261854351e-06 3.048009085387501589e-06
1.124879499672070082e+01 2.844998979961322759e-06 2.885837396406128676e-06
1.126038086547681694e+01 2.816577491298500807e-06 2.855681216873498997e-06
1.126234698802117151e+01 2.811782048183129807e-06 2.850594409289198452e-06
1.126431311056552609e+01 2.806994601985210893e-06 2.845516531546656901e-06
1.126627923310988066e+01 2.802215186261760566e-06 2.840447571818852403e-06
1.127021147819858982e+01 2.792680376918534311e-06 2.830336335251218131e-06
1.127414372328729897e+01 2.783177520594175052e-06 2.820260577569176447e-06
1.127807596837600812e+01 2.773706487293947685e-06 2.810220175941728504e-06
1.128758598190381157e+01 2.750932053554457086e-06 2.786083183221438953e-06
1.129709599543161502e+01 2.728341735047255629e-06 2.762150560996780551e-06
1.130660600895941847e+01 2.705934076561462301e-06 2.738420609393211347e-06
1.131611602248722193e+01 2.683707650519753644e-06 2.714891651735761128e-06
1.134360472298259026e+01 2.620467880948642700e-06 2.647995991890961198e-06
1.137109342347795859e+01 2.558696013221845551e-06 2.582725907938380284e-06
1.139858212397332693e+01 2.498358573050379029e-06 2.519042523301938159e-06
1.142607082446869526e+01 2.439422920234482880e-06 2.456907983191801278e-06
1.146561870170064346e+01 2.357027548973587746e-06 2.370158212309869443e-06
1.150516657893259165e+01 2.277374987087357051e-06 2.286430564974754664e-06
1.154471445616453984e+01 2.200375651618495849e-06 2.205621579045540445e-06
1.158426233339648803e+01 2.125942836434403607e-06 2.127631207312679233e-06
1.162381021062843622e+01 2.053992421498626358e-06 2.052362634969870315e-06
1.168202557865594571e+01 1.952425829585069510e-06 1.946321781610637939e-06
1.174024094668345519e+01 1.855813482911884196e-06 1.845691108973610270e-06
1.179845631471096468e+01 1.763917905150354707e-06 1.750198839393669480e-06
1.185667168273847416e+01 1.676512617378786661e-06 1.659586482690752454e-06
1.191488705076598364e+01 1.593381822955706199e-06 1.573608418485130179e-06
1.199459102659771581e+01 1.486125219033704025e-06 1.462986482493232893e-06
1.207429500242944798e+01 1.385998886301296322e-06 1.360051110578177499e-06
1.215399897826118014e+01 1.292536484177506246e-06 1.264276077943187333e-06
1.223370295409291231e+01 1.205300349827006781e-06 1.175169023739029427e-06
1.231340692992464447e+01 1.123882331277571547e-06 1.092272390666706528e-06
1.240619738261484528e+01 1.035920635946855888e-06 1.003024625566467087e-06
1.241950124474794670e+01 1.023879424148002446e-06 9.908337011548944443e-07
1.243280510688104812e+01 1.011976620420344872e-06 9.787895401394591215e-07
1.244610896901414954e+01 1.000210655405277288e-06 9.668902098737705628e-07
1.245941283114725096e+01 9.885797260658408114e-07 9.551336871077962561e-07
1.247271669328035237e+01 9.770824775743683800e-07 9.435186305298300944e-07
1.248882335180644887e+01 9.633396743600615076e-07 9.296431392537466755e-07
1.250493001033254536e+01 9.497881173851160054e-07 9.159698890540299388e-07
1.252103666885864186e+01 9.364247110784903144e-07 9.024948825664396296e-07
1.253714332738473836e+01 9.232474369133693139e-07 8.892166664717802988e-07
1.253991808733059266e+01 9.209957897895720579e-07 8.869484132200931452e-07
1.254269284727644695e+01 9.187496269118553312e-07 8.846861447802295808e-07
1.254546760722230125e+01 9.165089052733168237e-07 8.824295880382609899e-07
1.255060767706137348e+01 9.123723818076900845e-07 8.782644738030676002e-07
1.255574774690044570e+01 9.082542981269744445e-07 8.741188012699882974e-07
1.256088781673951793e+01 9.041545811253762825e-07 8.699924789381535350e-07
1.257459721546623577e+01 8.933092072281766258e-07 8.590808609041501623e-07
1.258830661419295360e+01 8.825924384402497354e-07 8.483046106375301339e-07
1.260201601291967144e+01 8.720027601819538269e-07 8.376620497384558363e-07
1.262396158968171100e+01 8.553120194320441554e-07 8.208999727321779826e-07
1.264590716644375057e+01 8.389367218161844677e-07 8.044691883763645010e-07
1.266785274320579013e+01 8.228718902595021847e-07 7.883643502664700042e-07
1.268979831996782970e+01 8.071112963344451046e-07 7.725784641797864888e-07
1.271174389672986926e+01 7.916488891552025531e-07 7.571048571219481404e-07
1.273368947349190883e+01 7.764793448868929724e-07 7.419378009854016541e-07
1.275563505025394839e+01 7.615976075780554564e-07 7.270718127092202833e-07
1.279158459927341696e+01 7.378264987892344220e-07 7.033533497103424566e-07
1.282753414829288552e+01 7.147892706800716980e-07 6.804004340225496754e-07
1.286348369731235408e+01 6.924636390534846911e-07 6.581887996305834488e-07
1.289943324633182264e+01 6.708280310066360101e-07 6.366948436221532280e-07
1.294556651358546340e+01 6.440408907747800718e-07 6.101270383387381372e-07
1.299169978083910415e+01 6.183123027025299951e-07 5.846564771500248618e-07
1.303783304809274490e+01 5.936011640951204322e-07 5.602386223024660125e-07
1.308396631534638566e+01 5.698677660985714503e-07 5.368304357745449924e-07
1.313009958260002641e+01 5.470739485201379081e-07 5.143906813992937378e-07
1.317623284985366716e+01 5.251830154210893801e-07 4.928798154662790586e-07
1.322236611710730791e+01 5.041596578525236887e-07 4.722598232066407961e-07
1.328767433344311755e+01 4.758160835020623819e-07 4.445222519914383259e-07
1.335298254977892718e+01 4.490513289674275244e-07 4.183984438595473340e-07
1.341829076611473681e+01 4.237787292360411316e-07 3.937957515115915266e-07
1.348359898245054644e+01 3.999161459716719287e-07 3.706266657770838049e-07
1.354890719878635608e+01 3.773855330611287948e-07 3.488081588019122431e-07
1.363058266934221585e+01 3.509716181154848079e-07 3.233041651163854081e-07
1.371225813989807563e+01 3.263923779357631356e-07 2.996494509353349440e-07
1.379393361045393540e+01 3.035210311182987805e-07 2.777105801207347027e-07
1.387560908100979518e+01 2.822401588368347852e-07 2.573638492041651778e-07
1.395728455156565495e+01 2.624414382089052061e-07 2.384957226387406280e-07
1.404388567110998309e+01 2.429530674001782774e-07 2.199865255539122135e-07
1.413048679065431124e+01 2.249022254565688176e-07 2.029018425375774359e-07
1.421708791019863938e+01 2.081848703603964115e-07 1.871331676844579259e-07
1.430368902974296752e+01 1.927030732146006960e-07 1.725809043595096592e-07
1.439029014928729566e+01 1.783660581633617876e-07 1.591515071573238825e-07
1.447689126883162380e+01 1.650905229923651321e-07 1.467580938880092409e-07
1.456349238837595195e+01 1.527993532234173548e-07 1.353233205889101878e-07
1.463301246926848798e+01 1.435947984681503370e-07 1.267877324694665990e-07
1.470253255016102401e+01 1.349424910104799144e-07 1.187857152327195238e-07
1.477205263105356003e+01 1.268103523441284844e-07 1.112850159343968470e-07
1.484157271194609606e+01 1.191669133823186833e-07 1.042552325317518365e-07
1.491109279283863209e+01 1.119825554461901871e-07 9.766579967137925950e-08
1.498061287373116812e+01 1.052309347710117501e-07 9.148919461745886314e-08
1.505013295462370415e+01 9.888630695461427213e-08 8.570126396609095405e-08
1.511965303551624018e+01 9.292347397370369330e-08 8.027674994595001154e-08
1.518917311640877621e+01 8.732018579494796469e-08 7.519314496636829242e-08
1.525869319730131224e+01 8.205539207998364876e-08 7.042948112236008928e-08
1.532821327819384827e+01 7.710827349284061696e-08 6.596540381086747416e-08
1.541367322902048009e+01 7.143423403766427764e-08 6.086074273650318980e-08
1.549913317984711192e+01 6.617904564599681512e-08 5.614868624212543459e-08
1.558459313067374374e+01 6.131184414421057859e-08 5.179884991706832562e-08
1.567005308150037557e+01 5.680426415765292378e-08 4.778350624086935726e-08
1.575551303232700739e+01 5.263026696627207236e-08 4.407758879055481565e-08
1.584097298315363922e+01 4.876553523337050288e-08 4.065774953322003371e-08
1.592643293398027105e+01 4.518717661519073482e-08 3.750168254906929389e-08
1.601189288480690465e+01 4.187392498567878468e-08 3.458844946217001413e-08
1.609735283563353647e+01 3.880643948187095020e-08 3.189935937250610335e-08
1.618281278646016830e+01 3.596709870412112342e-08 2.941826583666505310e-08
1.629018259992719919e+01 3.269760497264686018e-08 2.657302706011808844e-08
1.639755241339423009e+01 2.973177954210731674e-08 2.400560865482979032e-08
1.639755278288604501e+01 2.973176978236384484e-08 2.400526170985849530e-08
1.639755315237785993e+01 2.973176002806124275e-08 2.400495517290432707e-08
1.639755352186967485e+01 2.973175027855046155e-08 2.400468422041202906e-08
1.639755389136148978e+01 2.973174053325992275e-08 2.400444460470076537e-08
1.639755426085330470e+01 2.973173079168628695e-08 2.400423258519372423e-08
1.639755499983693809e+01 2.973171132023862815e-08 2.400389538954034829e-08
1.639755573882057149e+01 2.973169185799824395e-08 2.400362651579690585e-08
1.639755907067656437e+01 2.973160419295337810e-08 2.400303925354574944e-08
1.639756240253255726e+01 2.973151656601914506e-08 2.400273325451910451e-08
1.639756980646318496e+01 2.973132189617658762e-08 2.400242705276015622e-08
1.639757721039381266e+01 2.973112724114828902e-08 2.400222144737785805e-08
1.639760472117911405e+01 2.973040399592078720e-08 2.400158271691164454e-08
1.639763223196441544e+01 2.972968076982769680e-08 2.400095529298114251e-08
1.639790733981741511e+01 2.972245026318312995e-08 2.399469303974552439e-08
1.639818244767041477e+01 2.971522150958273638e-08 2.398843251116446006e-08
1.640093352620039369e+01 2.964309818169480507e-08 2.392591651721848260e-08
1.640368460473037260e+01 2.957114024836596403e-08 2.386356189823959632e-08
1.641165673929035052e+01 2.936392947918211701e-08 2.368378189348877218e-08
1.641962887385032843e+01 2.915805679711830823e-08 2.350533606524134852e-08
1.643058131248765008e+01 2.887673317266834659e-08 2.326228668124859027e-08
1.644153375112497173e+01 2.859824221832996851e-08 2.302199302183212238e-08
1.645248618976229338e+01 2.832256400027458911e-08 2.278398450515526165e-08
1.647059117937582329e+01 2.787290563274682366e-08 2.239595225473741855e-08
1.648869616898935320e+01 2.743065465731976675e-08 2.201445760896059090e-08
1.650680115860288311e+01 2.699563642444659068e-08 2.163933298411816832e-08
1.652490614821641302e+01 2.656771927860169940e-08 2.127062978276296899e-08
1.656438953679588622e+01 2.565844983290895217e-08 2.048808052874150417e-08
1.660387292537535942e+01 2.478121863328468795e-08 1.973422200366605241e-08
1.664335631395483261e+01 2.393495029296235194e-08 1.900794035350669710e-08
1.669947665342985843e+01 2.278337910248398335e-08 1.802095454423679538e-08
1.675559699290488425e+01 2.168908695006415310e-08 1.708494963339786153e-08
1.681171733237991006e+01 2.064910273467437213e-08 1.619737634207851751e-08
1.686783767185493588e+01 1.966087052817752697e-08 1.535570453604822547e-08
1.695023175570946705e+01 1.829866129570524865e-08 1.419807697224188217e-08
1.703262583956399823e+01 1.703514395470846299e-08 1.312724534743404138e-08
1.711501992341852940e+01 1.586317686043220548e-08 1.213668734739286089e-08
1.719741400727306058e+01 1.477620403022567749e-08 1.122044758681959588e-08
1.731233102101749921e+01 1.339077833687787502e-08 1.005641735789005967e-08
1.742724803476193784e+01 1.214394895109166221e-08 9.012869902571422548e-09
1.754216504850637648e+01 1.102223504934014381e-08 8.077462101469039876e-09
1.765708206225081511e+01 1.001309198958643263e-08 7.238128866727181569e-09
1.777199907599525375e+01 9.105132125470611821e-09 6.484030461960526387e-09
1.779576311747443285e+01 8.929055490159420603e-09 6.339313693919020234e-09
1.781952715895361194e+01 8.756808989427489196e-09 6.196955989904949705e-09
1.784329120043279104e+01 8.588316596696396686e-09 6.057615848280822076e-09
1.786705524191197014e+01 8.423492246913747081e-09 5.921719516061938306e-09
1.790739781629383742e+01 8.151865047008034753e-09 5.697631246917431920e-09
1.794774039067570470e+01 7.890205470321620721e-09 5.481990588484931389e-09
1.798808296505757198e+01 7.638154568372972570e-09 5.274491664414871382e-09
1.802842553943943926e+01 7.395364169737217287e-09 5.074793771351263276e-09
1.813848234472160925e+01 6.777538525965970034e-09 4.567447566984099188e-09
1.824853915000377924e+01 6.219887455174411910e-09 4.110501214853521985e-09
1.835859595528594923e+01 5.716611450219954995e-09 3.699053900809915247e-09
1.846865276056811922e+01 5.262502568936672192e-09 3.328676435386841423e-09
1.861654634676470010e+01 4.721717745993625369e-09 2.888645584225165058e-09
1.876443993296128099e+01 4.251160224275115676e-09 2.506280214545109786e-09
1.891233351915786187e+01 3.841873760122243118e-09 2.173929206619581830e-09
1.906022710535444276e+01 3.486093463308632299e-09 1.885494644536975500e-09
1.926976228363518828e+01 3.060399498452434146e-09 1.541479746981305331e-09
1.947929746191593381e+01 2.711658179379388183e-09 1.261688138908874532e-09
1.951042793659190266e+01 2.665642125552808696e-09 1.223227886529630569e-09
1.951603854967325802e+01 2.657519154408054044e-09 1.216629482253359232e-09
1.952164916275461337e+01 2.649440151058658370e-09 1.210072283842501234e-09
1.953287038891732408e+01 2.633454256966059291e-09 1.197064329925884260e-09
1.954409161508003479e+01 2.617638738359519115e-09 1.184193540393437574e-09
1.958100098726246330e+01 2.566525003844206801e-09 1.142828599550441234e-09
1.961791035944489181e+01 2.517194111233119888e-09 1.102912440951599311e-09
1.965481973162732032e+01 2.469591186468599367e-09 1.064370598317178490e-09
1.976026031230019342e+01 2.342392706557374472e-09 9.615033007756138177e-10
1.986570089297306652e+01 2.227504951972763657e-09 8.686479824311288925e-10
1.997114147364593961e+01 2.123820464566423062e-09 7.847938632273153317e-10
2.014493260345676262e+01 1.975106677138767282e-09 6.633817249174908745e-10
2.031872373326758563e+01 1.850097391293009863e-09 5.607750324355397274e-10
2.049251486307840864e+01 1.744779465003257274e-09 4.739186050285804789e-10
2.066630599288923165e+01 1.656078432139153552e-09 4.003475785213451118e-10
2.087906131474274929e+01 1.566357524392934830e-09 3.254997027356225331e-10
2.109181663659626693e+01 1.493707427018908831e-09 2.652785237131650816e-10
2.130457195844978457e+01 1.434812215550536027e-09 2.183306548576658758e-10
2.130499746909349312e+01 1.434706522935421329e-09 2.171574969384357895e-10
2.130542297973720167e+01 1.434601239122118935e-09 2.164866428325477551e-10
2.130584849038091022e+01 1.434496190596880858e-09 2.160848340504466733e-10
2.130627400102461877e+01 1.434391292539067497e-09 2.158276743635294980e-10
2.130669951166832732e+01 1.434286496380061740e-09 2.156482970172991567e-10
2.130755053295574086e+01 1.434077168621911394e-09 2.154041026512952894e-10
2.130840155424315441e+01 1.433868052891365919e-09 2.152019588758850038e-10
2.131329241310629286e+01 1.432672320138338897e-09 2.141710980948573723e-10
2.131818327196943130e+01 1.431482478587012133e-09 2.131564883004697700e-10
2.136339740395228048e+01 1.420973510458055428e-09 2.040140007802096886e-10
2.140861153593512967e+01 1.410934682807282016e-09 1.952426334495763374e-10
2.149965122640789517e+01 1.391594275466180865e-09 1.787504790024255796e-10
2.159069091688066067e+01 1.373948042131976502e-09 1.636842384544606292e-10
2.168173060735342617e+01 1.357860705750938797e-09 1.498388090773998849e-10
2.186726812287000854e+01 1.329187883010468940e-09 1.250953447812795722e-10
2.200000000000000000e+01 1.311809924263136156e-09 1.100935443946894313e-10
2.200000000000000000e+01 1.311809924263136156e-09 1.100935443946894313e-10
2.200024703559790495e+01 1.311779930544043608e-09 1.100408609521014360e-10
2.200049407119580991e+01 1.311749951149002187e-09 1.099933089848650151e-10
2.200098814239161626e+01 1.311690018842990354e-09 1.099068055275670017e-10
2.200148221358742262e+01 1.311630134787329207e-09 1.098338884369395396e-10
2.200197628478322898e+01 1.311570291479177296e-09 1.097688136168287694e-10
2.200257055231947234e+01 1.311498360340044028e-09 1.096965428162366259e-10
2.200316481985571571e+01 1.311426478473860997e-09 1.096282371885512296e-10
2.200375908739195907e+01 1.311354643510451966e-09 1.095621023342405562e-10
2.200435457882160151e+01 1.311282706385494851e-09 1.094970609233190903e-10
2.200495007025124394e+01 1.311210814413420663e-09 1.094327532448217282e-10
2.200554556168088638e+01 1.311138967188270456e-09 1.093688893931366802e-10
2.200614223545856163e+01 1.311067021935915787e-09 1.093051696904044160e-10
2.200673890923623688e+01 1.310995121194320692e-09 1.092416203527444582e-10
2.200733558301391213e+01 1.310923264861732443e-09 1.091781842318589485e-10
2.200793340056571168e+01 1.310851315253596456e-09 1.091147074501153402e-10
2.200853121811751123e+01 1.310779410103472389e-09 1.090512928761826986e-10
2.200912903566931078e+01 1.310707547528067892e-09 1.089879284316236798e-10
2.200972799301666427e+01 1.310635590604532269e-09 1.089244874699001442e-10
2.201032695036401776e+01 1.310563678203678168e-09 1.088610889453051647e-10
2.201092590771137125e+01 1.310491810295578814e-09 1.087977307023035949e-10
2.201152636376955485e+01 1.310419807190116564e-09 1.087342526943671438e-10
2.201753092435139081e+01 1.309702223034332476e-09 1.081015144737110745e-10
2.202353548493322677e+01 1.308989050217154921e-09 1.074724541515035055e-10
2.202954004551506273e+01 1.308280255809097982e-09 1.068470393799511856e-10
2.207804954859648205e+01 1.302709365300535713e-09 1.019256307079156582e-10
2.212655905167790138e+01 1.297408315639386429e-09 9.723069780768976060e-11
2.217506855475932070e+01 1.292365075869891708e-09 9.275163420774488831e-11
2.225179004189399379e+01 1.284890674576549188e-09 8.608207970931230574e-11
2.232851152902866687e+01 1.277988632471970475e-09 7.989112343142170009e-11
2.240523301616333995e+01 1.271612250381925222e-09 7.414383939960158501e-11
2.248195450329801304e+01 1.265721288331288025e-09 6.880919880492567535e-11
2.258281456199751602e+01 1.258655585563505370e-09 6.237484119379879810e-11
2.268367462069701901e+01 1.252290890601468107e-09 5.653954349659929008e-11
2.278453467939652199e+01 1.246558457946571124e-09 5.124760924437407843e-11
2.288539473809602498e+01 1.241396100208056264e-09 4.645009474773406468e-11
2.304104627032671004e+01 1.234418866721614290e-09 3.991374669532122306e-11
2.319669780255739511e+01 1.228481711905744772e-09 3.429547371509784432e-11
2.335234933478808017e+01 1.223432245770797454e-09 2.946611628098951539e-11
2.350800086701876523e+01 1.219140318761629320e-09 2.531536861968803413e-11
2.366365239924945030e+01 1.215493208131570364e-09 2.174734965729956116e-11
2.387080079804588095e+01 1.211474812393720980e-09 1.776160709330898028e-11
2.407794919684231161e+01 1.208239157221566639e-09 1.450740338807053742e-11
2.428509759563874226e+01 1.205633322898595762e-09 1.185801614341668134e-11
2.449224599443517292e+01 1.203534106214849214e-09 9.695749130182505106e-12
2.469939439323160357e+01 1.201844182479359391e-09 7.910137886358968211e-12
2.474092163913315545e+01 1.201547768044238814e-09 7.591679936584303574e-12
2.478244888503470733e+01 1.201264086182523285e-09 7.288593033558601392e-12
2.482397613093625921e+01 1.200992510754663156e-09 6.999033895180788949e-12
2.486550337683781109e+01 1.200732484620677775e-09 6.720986108295293724e-12
2.494855786864091129e+01 1.200245187607562620e-09 6.197625779803304230e-12
2.503161236044401150e+01 1.199798489056827187e-09 5.714254707697704106e-12
2.511466685224711171e+01 1.199389002845648569e-09 5.268836233142512541e-12
2.519772134405021191e+01 1.199013607122025993e-09 4.858870181687843681e-12
2.540867133857049609e+01 1.198195589257466081e-09 3.955558418098065613e-12
2.561962133309078027e+01 1.197540204169689301e-09 3.220188780027635604e-12
2.583057132761106445e+01 1.197014739284942692e-09 2.620480010723833365e-12
2.604152132213134863e+01 1.196593219228945839e-09 2.132093379835028993e-12
2.636292085347259473e+01 1.196103905661591006e-09 1.563975165840984918e-12
2.668432038481384083e+01 1.195748585793326938e-09 1.151247223908883523e-12
2.700571991615508693e+01 1.195490298888610331e-09 8.504178283686315330e-13
2.732711944749633304e+01 1.195302906582089642e-09 6.326881016518826286e-13
2.764851897883757914e+01 1.195166080301610763e-09 4.762760180505098309e-13
2.803812926749968071e+01 1.195046435308347150e-09 3.416713932541120325e-13
2.842773955616178228e+01 1.194961699726812540e-09 2.435603741411896130e-13
2.881734984482388384e+01 1.194902208387196536e-09 1.683230670060241388e-13
2.920696013348598541e+01 1.194861259377191497e-09 1.156197893773525833e-13
2.959657042214808698e+01 1.194831845942675238e-09 9.126662669233885143e-14
3.007596414639980154e+01 1.194804090998948255e-09 7.286035217915975698e-14
3.055535787065151609e+01 1.194781777371304337e-09 5.535080271416891013e-14
3.103475159490323065e+01 1.194764365958694496e-09 3.826013018308381299e-14
3.151414531915494521e+01 1.194751730922074657e-09 2.657426769217795723e-14
3.199353904340665977e+01 1.194742523925968561e-09 2.089489856394537249e-14
3.263443777651788480e+01 1.194733022176633427e-09 1.665869051453707909e-14
3.327533650962910627e+01 1.194724983019154478e-09 1.314881020957892255e-14
3.417428499271329656e+01 1.194714837382209889e-09 7.486031402482216735e-15
3.507323347579748685e+01 1.194707208892445570e-09 4.467608952244143838e-15
3.597218195888167713e+01 1.194701404827586374e-09 3.115467602779976749e-15
3.687113044196586742e+01 1.194696138906729850e-09 2.095216285312444566e-15
3.687173166264012281e+01 1.194696135567110342e-09 2.094651312635335781e-15
3.687233288331437819e+01 1.194696132244551022e-09 2.094103586410182736e-15
3.687293410398863358e+01 1.194696128922148038e-09 2.093556007214195667e-15
3.687353532466288897e+01 1.194696125599901185e-09 2.093008575001649434e-15
3.687413654533714436e+01 1.194696122277904761e-09 2.092461304902764065e-15
3.687473776601139974e+01 1.194696118956158765e-09 2.091914196863953817e-15
3.687533898668565513e+01 1.194696115634662992e-09 2.091367250831654641e-15
3.687594020735991052e+01 1.194696112313417441e-09 2.090820466752318656e-15
3.687654142803416590e+01 1.194696108992422112e-09 2.090273844572418103e-15
3.687714264870842129e+01 1.194696105671676798e-09 2.089727384238443756e-15
3.687774386938267668e+01 1.194696102351181500e-09 2.089181085696907295e-15
3.687834509005693207e+01 1.194696099030936217e-09 2.088634948894339730e-15
3.687894631073118745e+01 1.194696095710940743e-09 2.088088973777291001e-15
3.687954753140544284e+01 1.194696092391195077e-09 2.087543160292331163e-15
3.688014875207969823e+01 1.194696089071699220e-09 2.086997508386049601e-15
3.688074997275395361e+01 1.194696085752453171e-09 2.086452018005055024e-15
3.688135119342820900e+01 1.194696082433456724e-09 2.085906689095976261e-15
3.688255363477671978e+01 1.194696075796212842e-09 2.084816515400218384e-15
3.688375607612523055e+01 1.194696069159966953e-09 2.083726986916712489e-15
3.688495851747374132e+01 1.194696062524718645e-09 2.082638103242927311e-15
3.689698293095888459e+01 1.194695996276550890e-09 2.071816549742487834e-15
3.690900734444402786e+01 1.194695930123514284e-09 2.061058040596060900e-15
3.702925147929543215e+01 1.194695277928904029e-09 1.959450842483649838e-15
3.714949561414683643e+01 1.194694634717244857e-09 1.863457991496253067e-15
3.835193696266084373e+01 1.194688876662182621e-09 1.256356827259087743e-15
3.955437831117485104e+01 1.194683625097179217e-09 8.594793216816483571e-16
4.585140309362395783e+01 1.194663954937796667e-09 3.083997498011114890e-16
5.214842787607306462e+01 1.194648823047747713e-09 7.817059965095063129e-17
6.316506512842571652e+01 1.194630833912305819e-09 2.923445028680465178e-17
7.418170238077837553e+01 1.194617713632801981e-09 7.646455649122958574e-18
9.278947533413243320e+01 1.194603454027173743e-09 3.282442102438908603e-18
1.113972482874864909e+02 1.194593538706748978e-09 1.221399905779772268e-18
1.446704040102978297e+02 1.194583028251439114e-09 6.168222383312946598e-19
1.779435597331091685e+02 1.194576081102285722e-09 3.135653489679281908e-19
2.436376170100229501e+02 1.194568764717791536e-09 1.863884934843073035e-19
3.093316742869367317e+02 1.194564226000089858e-09 1.199102925853369828e-19
4.562393663449881842e+02 1.194559560402375353e-09 8.355430606744227270e-20
5.000000000000000000e+02 1.194558403249638351e-09 7.541564982070125253e-20
