#  x                Y
  1.80000000E+01  4.23887476E-09
  1.85002001E+01  2.96138848E-09
  1.90058035E+01  1.98156288E-09
  1.95206111E+01  1.35190630E-09
  2.00385600E+01  9.55839566E-10
  2.05674024E+01  7.02453451E-10
  2.10693017E+01  5.48484434E-10
  2.16074731E+01  4.40272986E-10
  2.21702227E+01  3.65204080E-10
  2.27411188E+01  3.12946309E-10
  2.33009282E+01  2.76066015E-10
  2.38294425E+01  2.49665688E-10
  2.44064761E+01  2.27135124E-10
  2.49271702E+01  2.10795243E-10
  2.54867601E+01  1.96311484E-10
  2.60881186E+01  1.83411441E-10
  2.66014595E+01  1.74079947E-10
  2.71455064E+01  1.65521589E-10
  2.77223788E+01  1.57652600E-10
  2.83344670E+01  1.50400152E-10
  2.89844888E+01  1.43700147E-10
  2.94987537E+01  1.39003508E-10
  3.00375882E+01  1.34564286E-10
  3.06026653E+01  1.30362793E-10
  3.11958817E+01  1.26380877E-10
  3.18194019E+01  1.22601678E-10
  3.24757190E+01  1.19009548E-10
  3.31677348E+01  1.15589767E-10
  3.38988553E+01  1.12328460E-10
  3.44099557E+01  1.10235785E-10
  3.49415934E+01  1.08203938E-10
  3.54953210E+01  1.06229314E-10
  3.60728882E+01  1.04308418E-10
  3.66762602E+01  1.02437910E-10
  3.73076387E+01  1.00614630E-10
  3.79694750E+01  9.88356218E-11
  3.86644810E+01  9.70981997E-11
  3.93956369E+01  9.53999750E-11
  4.01661967E+01  9.37388872E-11
  4.09797002E+01  9.21132171E-11
  4.18399974E+01  9.05215643E-11
  4.27512860E+01  8.89628043E-11
  4.37181687E+01  8.74360319E-11
  4.42240248E+01  8.66844050E-11
  4.47457270E+01  8.59405051E-11
  4.52840001E+01  8.52042590E-11
  4.58396109E+01  8.44755925E-11
  4.64133715E+01  8.37544407E-11
  4.70061440E+01  8.30407354E-11
  4.76188438E+01  8.23344153E-11
  4.82524459E+01  8.16354178E-11
  4.89079882E+01  8.09436816E-11
  4.95865796E+01  8.02591465E-11
  5.02894065E+01  7.95817495E-11
  5.10177389E+01  7.89114279E-11
  5.17729439E+01  7.82481132E-11
  5.25564966E+01  7.75917316E-11
  5.33699967E+01  7.69421981E-11
  5.42151898E+01  7.62994120E-11
  5.50939990E+01  7.56632479E-11
  5.60085671E+01  7.50335426E-11
  5.69613184E+01  7.44100765E-11
  5.79550512E+01  7.37925454E-11
  5.89930745E+01  7.31805211E-11
  6.00794182E+01  7.25733929E-11
  6.12191545E+01  7.19702747E-11
  6.24188884E+01  7.13698833E-11
  6.36875128E+01  7.07703584E-11
  6.50373748E+01  7.01690086E-11
  6.64860694E+01  6.95619610E-11
  6.80592107E+01  6.89436854E-11
  6.97947591E+01  6.83063557E-11
  7.17499280E+01  6.76389992E-11
  7.40126880E+01  6.69263273E-11
  7.67221200E+01  6.61470510E-11
  8.01073084E+01  6.52712862E-11
  8.45685670E+01  6.42563698E-11
  9.08660543E+01  6.30400292E-11
  1.00622868E+02  6.15296504E-11
  1.17977686E+02  5.95861465E-11
  1.57971926E+02  5.69766125E-11
  2.43819309E+02  5.45518436E-11
  4.36864129E+02  5.27785308E-11
  9.25245271E+02  5.16964921E-11
  1.00000000E+03  5.16277629E-11
