#  x                Y
  1.90000000E+01  2.16393873E-09
  1.95000160E+01  1.44469563E-09
  2.00001152E+01  9.45355455E-10
  2.05002846E+01  6.31793911E-10
  2.10003637E+01  4.35676130E-10
  2.15008993E+01  3.13408540E-10
  2.20019089E+01  2.37511722E-10
  2.25036307E+01  1.90537461E-10
  2.30055423E+01  1.61518164E-10
  2.35093160E+01  1.43467008E-10
  2.40096907E+01  1.32224830E-10
  2.45254610E+01  1.24840829E-10
  2.50555097E+01  1.19904415E-10
  2.55805462E+01  1.16582025E-10
  2.61120352E+01  1.14160848E-10
  2.66500833E+01  1.12289311E-10
  2.72302058E+01  1.10667328E-10
  2.78185534E+01  1.09282357E-10
  2.83350540E+01  1.08207816E-10
  2.90234432E+01  1.06916580E-10
  2.97396333E+01  1.05697965E-10
  3.03892837E+01  1.04678332E-10
  3.12800084E+01  1.03390022E-10
  3.18577578E+01  1.02613664E-10
  3.25447777E+01  1.01744587E-10
  3.33434239E+01  1.00801193E-10
  3.42434487E+01  9.98153606E-11
  3.52347194E+01  9.88138991E-11
  3.63088437E+01  9.78168548E-11
  3.74608465E+01  9.68370293E-11
  3.86889022E+01  9.58818124E-11
  3.99984679E+01  9.49518020E-11
  4.13945679E+01  9.40479982E-11
  4.28831216E+01  9.31708617E-11
  4.44718758E+01  9.23199997E-11
  4.61689392E+01  9.14952109E-11
  4.79877021E+01  9.06943522E-11
  4.99369726E+01  8.99180446E-11
  5.20296801E+01  8.91655692E-11
  5.42816424E+01  8.84358630E-11
  5.67129581E+01  8.77274009E-11
  5.93416360E+01  8.70401576E-11
  6.21905044E+01  8.63735172E-11
  6.52834718E+01  8.57273871E-11
  6.86517549E+01  8.51009614E-11
  7.23304700E+01  8.44937493E-11
  7.63595823E+01  8.39054690E-11
  8.07863510E+01  8.33358148E-11
  8.56652737E+01  8.27846585E-11
  9.10651690E+01  8.22514909E-11
  9.70651122E+01  8.17361986E-11
  1.03765627E+02  8.12383673E-11
  1.11317548E+02  8.07561636E-11
  1.20041326E+02  8.02816089E-11
  1.30267507E+02  7.98132069E-11
  1.42399866E+02  7.93517417E-11
  1.56923629E+02  7.89001418E-11
  1.74391162E+02  7.84634959E-11
  1.95372096E+02  7.80487463E-11
  2.20362903E+02  7.76638629E-11
  2.50577517E+02  7.73068274E-11
  2.88066727E+02  7.69732124E-11
  3.35731324E+02  7.66614726E-11
  3.97904548E+02  7.63716422E-11
  4.81335250E+02  7.61046117E-11
  5.97042594E+02  7.58618514E-11
  7.63944050E+02  7.56451339E-11
  1.00000000E+03  7.54655703E-11
