1.000000000000000000e+00 7.506255285049308681e-03
1.000000006612141945e+00 7.506255283007605937e-03
1.000000013224283890e+00 7.506255279117872783e-03
1.000000026448567780e+00 7.506255268029134349e-03
1.000000039672851671e+00 7.506255251099267119e-03
1.000000052897135561e+00 7.506255229686903917e-03
1.000000082778374821e+00 7.506255169884269718e-03
1.000000112659614082e+00 7.506255099399844130e-03
1.000000142540853343e+00 7.506255023388641590e-03
1.000000172422115030e+00 7.506254944447152827e-03
1.000000202303376717e+00 7.506254863779060829e-03
1.000000232184638405e+00 7.506254782076086582e-03
1.000000262065889878e+00 7.506254699777098645e-03
1.000000291947141351e+00 7.506254617141629865e-03
1.000000321828392824e+00 7.506254534314168829e-03
1.000000351709624535e+00 7.506254451375857228e-03
1.000000381590856247e+00 7.506254368373539536e-03
1.000000411472087958e+00 7.506254285334488206e-03
1.000000441352992375e+00 7.506254202275294135e-03
1.000000471233896793e+00 7.506254119204009909e-03
1.000000501114801210e+00 7.506254036125772910e-03
1.000000530995391212e+00 7.506253953044414277e-03
1.000000829801292346e+00 7.506253122195423108e-03
1.000001128607193479e+00 7.506252291320180368e-03
1.000001427413094612e+00 7.506251460449126119e-03
1.000004415472105723e+00 7.506243151768056572e-03
1.000007403531116834e+00 7.506234843080874727e-03
1.000037284121226833e+00 7.506151755790745929e-03
1.000067164711336831e+00 7.506068667755276709e-03
1.000196199259650864e+00 7.505709856799136145e-03
1.000325233807964898e+00 7.505351031942175850e-03
1.000489182273398114e+00 7.504895098267814167e-03
1.000653130738831331e+00 7.504439138722444023e-03
1.000817079204264548e+00 7.503983158623507219e-03
1.001093879324688629e+00 7.503213260322567218e-03
1.001370679445112710e+00 7.502443297496367951e-03
1.001647479565536791e+00 7.501673274337140179e-03
1.001924279685960872e+00 7.500903183201020064e-03
1.002260223671650019e+00 7.499968465349467379e-03
1.002596167657339166e+00 7.499033652309261729e-03
1.002932111643028312e+00 7.498098745845302102e-03
1.003652102185587092e+00 7.496094753054317709e-03
1.004372092728145871e+00 7.494090332852259770e-03
1.005092083270704650e+00 7.492085486382461107e-03
1.008268473684756694e+00 7.483235622916940659e-03
1.011444864098808738e+00 7.474377582110687708e-03
1.014621254512860782e+00 7.465511460992121408e-03
1.017797644926912826e+00 7.456637355512294417e-03
1.024332815100675642e+00 7.438354888222839349e-03
1.030867985274438459e+00 7.420039864337200572e-03
1.037403155448201275e+00 7.401693110884435302e-03
1.043938325621964092e+00 7.383315448301527514e-03
1.055163986816957333e+00 7.351677782579542006e-03
1.066389648011950575e+00 7.319955405831764413e-03
1.077615309206943817e+00 7.288152352521840710e-03
1.088840970401937058e+00 7.256272605663843973e-03
1.100066631596930300e+00 7.224320097488823658e-03
1.122254763676965528e+00 7.160965254724689297e-03
1.144442895757000755e+00 7.097370615056572928e-03
1.166631027837035983e+00 7.033564760151350681e-03
1.188819159917071211e+00 6.969575497137973571e-03
1.211007291997106439e+00 6.905429869378149586e-03
1.236146106167262282e+00 6.832598058037935192e-03
1.261284920337418125e+00 6.759636319895918205e-03
1.286423734507573968e+00 6.686580511645625301e-03
1.311562548677729811e+00 6.613465294278314185e-03
1.336701362847885655e+00 6.540324149937000453e-03
1.366883098175662115e+00 6.452521907507481613e-03
1.397064833503438575e+00 6.364782614981690824e-03
1.427246568831215034e+00 6.277157739535346379e-03
1.457428304158991494e+00 6.189696492618759760e-03
1.487610039486767954e+00 6.102445882563318179e-03
1.517791774814544414e+00 6.015450760139098678e-03
1.553734569245976749e+00 5.912242559675802075e-03
1.582668552019339758e+00 5.829513703374460815e-03
1.586977986118785822e+00 5.817221390194508672e-03
1.591287420218231885e+00 5.804937001170229309e-03
1.595596854317677948e+00 5.792660645863145774e-03
1.599906288417124012e+00 5.780392431063078110e-03
1.604215722516570075e+00 5.768132462816501736e-03
1.612834590715462202e+00 5.743637688286683078e-03
1.621453458914354329e+00 5.719177155817340569e-03
1.630072327113246455e+00 5.694751687675596655e-03
1.638691195312138582e+00 5.670362092370821033e-03
1.649515882547622381e+00 5.639782531908898305e-03
1.660340569783106179e+00 5.609262363570644352e-03
1.671165257018589978e+00 5.578803108948485884e-03
1.681989944254073777e+00 5.548406261274206781e-03
1.692814631489557575e+00 5.518073282528851084e-03
1.708769497390898451e+00 5.473483961048778226e-03
1.724724363292239326e+00 5.429040979043371108e-03
1.740679229193580202e+00 5.384748681422619684e-03
1.756634095094921078e+00 5.340611279188372390e-03
1.772588960996261953e+00 5.296632857771625333e-03
1.791614929134544010e+00 5.244402498802138053e-03
1.810640897272826066e+00 5.192410318621894227e-03
1.829666865411108123e+00 5.140662543920069411e-03
1.848692833549390180e+00 5.089165178408029330e-03
1.867718801687672237e+00 5.037923976629262411e-03
1.886744769825954293e+00 4.986944447102422892e-03
1.905770737964236350e+00 4.936231899423739605e-03
1.924796706102518407e+00 4.885791413813187281e-03
1.943822674240800463e+00 4.835627831885528673e-03
1.962848642379082520e+00 4.785745802794763928e-03
1.981874610517364577e+00 4.736149770115248743e-03
2.000900578655646633e+00 4.686843958818884097e-03
2.003381088003289623e+00 4.680437288928273633e-03
2.003844102770094615e+00 4.679241967488193508e-03
2.004307117536899607e+00 4.678046820738262883e-03
2.004770132303704600e+00 4.676851848616797591e-03
2.005696161837314140e+00 4.674462428682609264e-03
2.006622191370923680e+00 4.672073708179673435e-03
2.007548220904533220e+00 4.669685687474735801e-03
2.010898604085978203e+00 4.661051660500166970e-03
2.014248987267423185e+00 4.652426821237865343e-03
2.017599370448868168e+00 4.643811190477355536e-03
2.022679812648988662e+00 4.630764264156653036e-03
2.027760254849109156e+00 4.617738637281631683e-03
2.032840697049229650e+00 4.604734366741273718e-03
2.037921139249350144e+00 4.591751526684127553e-03
2.043001581449470638e+00 4.578790191254494997e-03
2.048082023649591132e+00 4.565850425673069479e-03
2.053162465849711626e+00 4.552932290066633025e-03
2.060250425640068883e+00 4.534945871750078669e-03
2.067338385430426140e+00 4.517001867044290186e-03
2.074426345220783396e+00 4.499100445533972363e-03
2.081514305011140653e+00 4.481241775019830821e-03
2.094368778200858650e+00 4.448963523257779343e-03
2.107223251390576646e+00 4.416827371982971241e-03
2.120077724580294642e+00 4.384834237739282901e-03
2.132932197770012639e+00 4.352985003735820868e-03
2.145700997082914618e+00 4.321491344193028467e-03
2.158469796395816598e+00 4.290141287539307388e-03
2.168878183210610544e+00 4.264693298784111124e-03
2.179286570025404490e+00 4.239341668110627355e-03
2.181148322970993814e+00 4.234817208189765869e-03
2.183010075916583137e+00 4.230295831835269305e-03
2.184871828862172460e+00 4.225777554169945181e-03
2.186733581807761784e+00 4.221262377385633958e-03
2.190159757809288621e+00 4.212961227305871484e-03
2.193585933810815458e+00 4.204670598928993835e-03
2.197012109812342295e+00 4.196390504659232301e-03
2.202958596264248836e+00 4.182044581709340632e-03
2.208905082716155377e+00 4.167730494507431230e-03
2.214851569168061918e+00 4.153448307000181042e-03
2.220798055619968459e+00 4.139198080667384413e-03
2.230742976240640996e+00 4.115437551633428608e-03
2.240687896861313533e+00 4.091766862087097174e-03
2.250632817481986070e+00 4.068186277091797969e-03
2.260577738102658607e+00 4.044696050088738247e-03
2.275963004206280171e+00 4.008534136186046176e-03
2.291348270309901736e+00 3.972589914597761569e-03
2.306733536413523300e+00 3.936864179249436463e-03
2.322118802517144864e+00 3.901357667081311025e-03
2.337504068620766429e+00 3.866071060616378240e-03
2.360722332349133534e+00 3.813236937128490055e-03
2.383940596077500640e+00 3.760906976820391125e-03
2.407158859805867746e+00 3.709082836428637120e-03
2.430377123534234851e+00 3.657765914853975016e-03
2.453595387262601957e+00 3.606957359354789460e-03
2.482977777090049187e+00 3.543389954859766863e-03
2.512360166917496418e+00 3.480639403225329210e-03
2.541742556744943649e+00 3.418706430338979384e-03
2.571124946572390879e+00 3.357591217941162127e-03
2.600507336399838110e+00 3.297293421320096184e-03
2.629889726227285340e+00 3.237812192136034582e-03
2.659272116054732571e+00 3.179146211261362452e-03
2.688654505882179802e+00 3.121293713692679852e-03
2.718036895709627032e+00 3.064252495312548303e-03
2.747419285537074263e+00 3.008019925677082960e-03
2.776801675364521493e+00 2.952592993499420729e-03
2.801230972491403293e+00 2.907120554232841929e-03
2.825660269618285092e+00 2.862200641502426774e-03
2.844884799351723892e+00 2.827238107181197658e-03
2.864109329085162692e+00 2.792615056940922925e-03
2.876826319179898395e+00 2.769897901148735825e-03
2.879206037102361115e+00 2.765663287971433827e-03
2.881585755024823836e+00 2.761433843080674053e-03
2.883965472947286557e+00 2.757209564366534457e-03
2.886345190869749278e+00 2.752990449475380390e-03
2.891104626714674275e+00 2.744567699590529444e-03
2.895864062559599272e+00 2.736165573552233957e-03
2.900623498404524270e+00 2.727784050991255080e-03
2.905382934249449267e+00 2.719423110893991365e-03
2.916516525106362057e+00 2.699944913612905943e-03
2.927650115963274846e+00 2.680578964636230136e-03
2.938783706820187636e+00 2.661324987686142576e-03
2.949917297677100425e+00 2.642182702966781871e-03
2.966955426077003466e+00 2.613104181679253447e-03
2.983993554476906507e+00 2.584285513252352045e-03
3.001031682876809548e+00 2.555725617620749259e-03
3.013207956850693314e+00 2.535473244602186055e-03
3.025384230824577081e+00 2.515352025689728769e-03
3.027236318137797699e+00 2.512302935818785422e-03
3.029088405451018318e+00 2.509256868430080525e-03
3.030940492764238936e+00 2.506213823547658644e-03
3.032792580077459554e+00 2.503173799946518778e-03
3.036496754703900791e+00 2.497102810247457845e-03
3.040200929330342028e+00 2.491043887042217967e-03
3.043905103956783265e+00 2.484997018614705337e-03
3.050465139248609958e+00 2.474317650049685270e-03
3.057025174540436652e+00 2.463675984221378682e-03
3.063585209832263345e+00 2.453071953305709790e-03
3.070145245124090039e+00 2.442505489211186515e-03
3.089264367778409515e+00 2.411923337600861608e-03
3.108383490432728991e+00 2.381657970147679337e-03
3.127502613087048466e+00 2.351707627554308188e-03
3.146621735741367942e+00 2.322070521450995961e-03
3.165732873659500513e+00 2.292757014674946022e-03
3.184844011577633083e+00 2.263752801762807573e-03
3.200659027283134783e+00 2.239983523211218353e-03
3.216474042988636484e+00 2.216423727868671503e-03
3.219290813008137686e+00 2.212249459951472208e-03
3.222107583027638888e+00 2.208081783441892716e-03
3.224924353047140091e+00 2.203920704434751254e-03
3.227741123066641293e+00 2.199766217390545803e-03
3.231546427091851026e+00 2.194164185442913379e-03
3.235351731117060758e+00 2.188574157058937892e-03
3.239157035142270491e+00 2.182996116402653557e-03
3.244039423882460582e+00 2.175856753853794377e-03
3.248921812622650673e+00 2.168737067978349520e-03
3.253804201362840764e+00 2.161637025331138336e-03
3.258686590103030856e+00 2.154556593840323882e-03
3.268139025935813624e+00 2.140904302196958327e-03
3.277591461768596393e+00 2.127325153567643200e-03
3.287043897601379161e+00 2.113818906770702742e-03
3.296496333434161929e+00 2.100385319910936036e-03
3.318051283636362925e+00 2.070022379328680801e-03
3.339606233838563920e+00 2.040033104623278047e-03
3.361161184040764915e+00 2.010414564998004843e-03
3.382716134242965911e+00 1.981163806492317134e-03
3.408034234465333601e+00 1.947271999707577989e-03
3.433352334687701291e+00 1.913878612135158901e-03
3.458670434910068980e+00 1.880978746680635671e-03
3.483988535132436670e+00 1.848567479991171771e-03
3.509306635354804360e+00 1.816639831699525974e-03
3.534624735577172050e+00 1.785190785574357168e-03
3.538627745872529040e+00 1.780261918446122537e-03
3.542630756167886030e+00 1.775344864511131833e-03
3.546633766463243020e+00 1.770439610191535057e-03
3.550636776758600011e+00 1.765546135518740326e-03
3.555913340290504987e+00 1.759113771627930688e-03
3.561189903822409963e+00 1.752701795408546058e-03
3.566466467354314940e+00 1.746310161096078367e-03
3.571743030886219916e+00 1.739938822605558225e-03
3.586441038543824789e+00 1.722297914835708727e-03
3.601139046201429661e+00 1.704813144807856362e-03
3.615837053859034533e+00 1.687483522432658371e-03
3.630535061516639406e+00 1.670308056521431755e-03
3.662718818817248589e+00 1.633232982707142093e-03
3.694902576117857773e+00 1.596881841528736100e-03
3.727086333418466957e+00 1.561244188430891376e-03
3.759270090719076141e+00 1.526309580976922386e-03
3.791453848019685324e+00 1.492067584821995000e-03
3.832476188044018794e+00 1.449409307252459613e-03
3.873498528068352265e+00 1.407837834150109119e-03
3.914520868092685735e+00 1.367331716980172774e-03
3.955543208117019205e+00 1.327869612979813360e-03
3.996565548141352675e+00 1.289430302370751964e-03
4.002799031310926736e+00 1.283677507283862264e-03
4.009032514480500353e+00 1.277947754303172421e-03
4.015265997650073970e+00 1.272240982806477913e-03
4.021499480819647587e+00 1.266557120621253406e-03
4.027732963989221204e+00 1.260896090898141293e-03
4.035933221608439148e+00 1.253483563274168525e-03
4.044133479227657091e+00 1.246110259268708425e-03
4.052333736846875034e+00 1.238776013120038502e-03
4.060533994466092977e+00 1.231480658924350054e-03
4.088526066174680729e+00 1.206868248519047402e-03
4.116518137883268480e+00 1.182700523496130413e-03
4.139644762275421996e+00 1.163064333651107939e-03
4.162771386667575513e+00 1.143723566968824022e-03
4.185898011059729029e+00 1.124674592492622876e-03
4.209024635451882546e+00 1.105913787206931620e-03
4.232091762726434503e+00 1.087484727325193452e-03
4.255158890000986460e+00 1.069335239763682683e-03
4.278226017275538418e+00 1.051461807960095808e-03
4.301293144550090375e+00 1.033860936689801622e-03
4.333722732417561119e+00 1.009570536387241696e-03
4.366152320285031863e+00 9.858024387010540322e-04
4.398581908152502606e+00 9.625471935133555253e-04
4.431011496019973350e+00 9.397954302186232014e-04
4.463441083887444094e+00 9.175378965535018567e-04
4.495870671754914838e+00 8.957654607876325238e-04
4.528300259622385582e+00 8.744690811563953035e-04
4.560729847489856326e+00 8.536398157667144911e-04
4.598087813345554942e+00 8.302126209334246719e-04
4.635445779201253558e+00 8.073803268961569652e-04
4.672803745056952174e+00 7.851298187944081132e-04
4.710161710912650790e+00 7.634482089392527395e-04
4.747519676768349406e+00 7.423227971762486358e-04
4.784877642624048022e+00 7.217410853176662623e-04
4.822235608479746638e+00 7.016907859119239036e-04
4.859593574335445254e+00 6.821598124486048104e-04
4.902725687717854441e+00 6.602404663663687893e-04
4.945857801100263629e+00 6.389795884577320010e-04
4.988989914482672816e+00 6.183596043548871728e-04
4.995109191682694849e+00 6.154851013144195613e-04
5.001228468882716882e+00 6.126230960837659089e-04
5.007347746082738915e+00 6.097735365172550796e-04
5.013467023282760948e+00 6.069363828047077232e-04
5.019586300482782981e+00 6.041115888122085753e-04
5.027051376586026521e+00 6.006822078536187088e-04
5.034516452689270061e+00 5.972710613058070236e-04
5.041981528792513600e+00 5.938780615725850788e-04
5.049446604895757140e+00 5.905031234788373244e-04
5.061988743123021273e+00 5.848732866298459116e-04
5.074530881350285405e+00 5.792937838328016554e-04
5.087073019577549537e+00 5.737642114581321907e-04
5.099615157804813670e+00 5.682841704482872753e-04
5.117590771657215321e+00 5.605156492536976075e-04
5.135566385509616971e+00 5.528468890809229907e-04
5.153541999362018622e+00 5.452767383035752062e-04
5.171517613214420273e+00 5.378040563263779316e-04
5.206259923553033353e+00 5.236332982576466814e-04
5.241002233891646434e+00 5.098143674300681773e-04
5.268363534644298518e+00 4.991737436026461461e-04
5.295724835396950603e+00 4.887426279877441805e-04
5.323086136149602687e+00 4.785172774071282196e-04
5.350447436902254772e+00 4.684940038342357894e-04
5.377808737654906857e+00 4.586691741593517985e-04
5.432531339160211914e+00 4.396005766040173598e-04
5.487253940665516971e+00 4.212834889938247055e-04
5.541976542170822029e+00 4.036907607920513252e-04
5.596699143676127086e+00 3.867960609767780037e-04
5.651421745181432144e+00 3.705738861491491946e-04
5.717035771342002803e+00 3.519749639491944067e-04
5.768903462741631571e+00 3.379045862442445376e-04
5.820771154141260340e+00 3.243708763959206646e-04
5.872638845540889108e+00 3.113548408231779164e-04
5.915590317165363210e+00 3.009549816847226938e-04
5.958541788789837312e+00 2.908873017126199301e-04
6.001493260414311415e+00 2.811419070003557319e-04
6.035170082240792766e+00 2.737199770700529168e-04
6.039940351104918115e+00 2.726839485554662340e-04
6.044710619969043464e+00 2.716516735523266841e-04
6.049480888833168812e+00 2.706231382333957594e-04
6.054251157697294161e+00 2.695983301077373856e-04
6.063791695425545747e+00 2.675598452462665377e-04
6.073332233153797333e+00 2.655361185693859449e-04
6.082872770882048918e+00 2.635270504590301287e-04
6.092413308610300504e+00 2.615325410525638382e-04
6.101953846338552090e+00 2.595524909505796400e-04
6.124325462641182050e+00 2.549656249143874990e-04
6.146697078943812009e+00 2.504564804627879113e-04
6.169068695246441969e+00 2.460238217058978221e-04
6.191440311549071929e+00 2.416664354309402735e-04
6.213811927851701888e+00 2.373831186372858952e-04
6.236183544154331848e+00 2.331726907977436838e-04
6.258555160456961808e+00 2.290339889844923238e-04
6.284010935887791582e+00 2.244105025863203813e-04
6.309466711318621357e+00 2.198767320127967663e-04
6.334922486749451132e+00 2.154310379360638544e-04
6.360378262180280906e+00 2.110717975428867254e-04
6.385834037611110681e+00 2.067974280353856921e-04
6.411289813041940455e+00 2.026063933612767972e-04
6.431971236047657747e+00 1.992616963598269812e-04
6.452652659053375039e+00 1.959701638459549334e-04
6.473334082059092331e+00 1.927310139602995726e-04
6.494015505064809624e+00 1.895434618011789733e-04
6.514696928070526916e+00 1.864067159421450501e-04
6.519703521947951330e+00 1.856549175781875257e-04
6.524710115825375745e+00 1.849060439718690414e-04
6.529716709702800159e+00 1.841600815773119886e-04
6.534723303580224574e+00 1.834170205342440735e-04
6.542295992580704933e+00 1.822985973224380482e-04
6.549868681581185292e+00 1.811867493255469880e-04
6.557441370581665652e+00 1.800814386003616360e-04
6.565014059582146011e+00 1.789826310333188892e-04
6.576358821439463931e+00 1.773485782873125097e-04
6.587703583296781851e+00 1.757289179846611819e-04
6.599048345154099771e+00 1.741235279300544763e-04
6.610393107011417690e+00 1.725322895736373745e-04
6.627599597127981745e+00 1.701456194837921087e-04
6.644806087244545800e+00 1.677908245195835135e-04
6.662012577361109855e+00 1.654675014622461915e-04
6.679219067477673910e+00 1.631752511466184169e-04
6.707036000097841288e+00 1.595341950418304182e-04
6.734852932718008667e+00 1.559716810137090496e-04
6.762669865338176045e+00 1.524860999429241250e-04
6.790486797958343423e+00 1.490758715025531527e-04
6.818303730578510802e+00 1.457394468003254246e-04
6.860041373514428997e+00 1.408684745054964663e-04
6.901779016450347193e+00 1.361552330702576195e-04
6.943516659386265388e+00 1.315948546436251443e-04
6.985254302322183584e+00 1.271826144742149354e-04
7.026991945258101779e+00 1.229138833992839206e-04
7.058968045481528897e+00 1.197378169898345040e-04
7.090944145704956014e+00 1.166414351846578514e-04
7.117029306878661643e+00 1.141731757081322542e-04
7.122246339113402769e+00 1.136856429020060118e-04
7.127463371348143895e+00 1.132001332734484570e-04
7.132680403582885020e+00 1.127166366157279846e-04
7.137897435817626146e+00 1.122351445917598421e-04
7.147247566225097160e+00 1.113771930966823487e-04
7.156597696632568173e+00 1.105256111867966920e-04
7.165947827040039186e+00 1.096803538115627370e-04
7.175297957447510200e+00 1.088413777798609796e-04
7.205734486533777350e+00 1.061532976947382299e-04
7.229305962722222034e+00 1.041159555911505086e-04
7.252877438910666719e+00 1.021166413938945757e-04
7.276448915099111403e+00 1.001546765013665665e-04
7.300020391287556087e+00 9.822938876595584015e-05
7.323591867476000772e+00 9.634012179616361130e-05
7.351088746695626952e+00 9.418089388863206920e-05
7.378585625915253132e+00 9.206879648501894390e-05
7.406082505134879312e+00 9.000284403434832305e-05
7.433579384354505493e+00 8.798207108362178931e-05
7.461076263574131673e+00 8.600552681739565702e-05
7.496758411929777211e+00 8.350501792987251955e-05
7.532440560285422748e+00 8.107544221407566600e-05
7.568122708641068286e+00 7.871486428156979347e-05
7.603804856996713823e+00 7.642139361143884487e-05
7.639487005352359361e+00 7.419319586669418732e-05
7.679511154412105967e+00 7.176932509744548834e-05
7.719535303471852572e+00 6.942287511500373743e-05
7.759559452531599177e+00 6.715146035707740438e-05
7.799583601591345783e+00 6.495278057786304550e-05
7.839607750651092388e+00 6.282458253567558811e-05
7.879631899710838994e+00 6.076467901433412210e-05
7.919656048770585599e+00 5.877095919427188341e-05
7.959680197830332204e+00 5.684138247919923208e-05
7.999136208258055269e+00 5.500002208410080572e-05
8.038592218685778334e+00 5.321715399730827514e-05
8.044857484022681859e+00 5.293931273969980800e-05
8.051122749359585384e+00 5.266289703764246810e-05
8.057388014696488909e+00 5.238789857096162126e-05
8.063653280033392434e+00 5.211430857444780945e-05
8.076183810707199484e+00 5.157132959325440004e-05
8.088714341381006534e+00 5.103390355478543947e-05
8.101244872054813584e+00 5.050197623966791785e-05
8.113775402728620634e+00 4.997549381731555899e-05
8.147031747893583642e+00 4.860419531663038645e-05
8.180288093058546650e+00 4.726988033576551859e-05
8.213544438223509658e+00 4.597158224704564586e-05
8.246800783388472667e+00 4.470835978004054386e-05
8.291067906860467573e+00 4.307974573948134195e-05
8.335335030332462480e+00 4.150956585055823474e-05
8.370667178353723870e+00 4.029687360316293570e-05
8.405999326374985259e+00 3.911910430816294663e-05
8.441331474396246648e+00 3.797528825768868913e-05
8.476663622417508037e+00 3.686447038577722265e-05
8.511995770438769426e+00 3.578572535230193497e-05
8.547327918460030816e+00 3.473816266880117736e-05
8.582660066481292205e+00 3.372090938440718938e-05
8.617992214502553594e+00 3.273310496864930525e-05
8.664441172850935402e+00 3.147792054551461579e-05
8.710890131199317210e+00 3.027039192863406456e-05
8.757339089547699018e+00 2.910876315645843758e-05
8.803788047896080826e+00 2.799133269737026045e-05
8.850237006244462634e+00 2.691646638648758727e-05
8.896685964592844442e+00 2.588259533600917949e-05
8.943134922941226250e+00 2.488820053297593593e-05
8.989583881289608058e+00 2.393180629027721513e-05
9.047707598815140528e+00 2.278637014503091975e-05
9.092844885741863337e+00 2.193466027480334545e-05
9.137982172668586145e+00 2.111471905477657201e-05
9.175130998756234391e+00 2.046290637098737976e-05
9.212279824843882636e+00 1.983118921294818669e-05
9.249428650931530882e+00 1.921897596167061850e-05
9.286577477019179128e+00 1.862569180316911123e-05
9.323726303106827373e+00 1.805075981201169027e-05
9.369314212445388534e+00 1.736947432900428582e-05
9.403351086853943386e+00 1.687769078123628038e-05
9.437387961262498237e+00 1.639990070703511334e-05
9.471424835671053089e+00 1.593571513845855168e-05
9.505461710079607940e+00 1.548475471004619696e-05
9.545983358376972205e+00 1.496461400546143192e-05
9.586505006674336471e+00 1.446209554440138512e-05
9.627026654971700736e+00 1.397661752474765203e-05
9.667548303269065002e+00 1.350761815098052115e-05
9.723700069115238875e+00 1.288393887014565004e-05
9.779851834961412749e+00 1.228946064678931570e-05
9.836003600807586622e+00 1.172285245270401389e-05
9.892155366653760495e+00 1.118284041669082818e-05
9.948307132499934369e+00 1.066820300861716143e-05
9.966987238269902960e+00 1.050241977975993878e-05
9.985667344039871551e+00 1.033927426456434933e-05
9.989403365193865625e+00 1.030695813989667124e-05
9.993139386347859698e+00 1.027474535641301396e-05
9.995007396924856735e+00 1.025867770712376279e-05
9.996875407501853772e+00 1.024263585121645473e-05
9.998743418078850809e+00 1.022661974684359304e-05
9.998743447960475095e+00 1.022661949084783575e-05
9.998743477842099381e+00 1.022661923485208354e-05
9.998743507723723667e+00 1.022661897885633810e-05
9.998743537605347953e+00 1.022661872286059944e-05
9.998743567486972239e+00 1.022661846686486756e-05
9.998743597368596525e+00 1.022661821086914246e-05
9.998743627250220811e+00 1.022661795487342413e-05
9.998743657131845097e+00 1.022661769887771257e-05
9.998743687013469383e+00 1.022661744288200610e-05
9.998743716895093669e+00 1.022661718688630640e-05
9.998743746776717956e+00 1.022661693089061349e-05
9.998743776658342242e+00 1.022661667489492734e-05
9.998743806539966528e+00 1.022661641889924798e-05
9.998743836421590814e+00 1.022661616290357369e-05
9.998743866303215100e+00 1.022661590690790618e-05
9.998743896184839386e+00 1.022661565091224545e-05
9.998743926066463672e+00 1.022661539491659150e-05
9.998743955948087958e+00 1.022661513892094432e-05
9.998744015711338307e+00 1.022661462692966859e-05
9.998744075474588655e+00 1.022661411493841828e-05
9.998744135237839004e+00 1.022661360294719507e-05
9.998744732870338936e+00 1.022660848303637923e-05
9.998745330502838868e+00 1.022660336312815362e-05
9.998745928135338801e+00 1.022659824322251824e-05
9.998751904460331019e+00 1.022654704430859297e-05
9.998757880785323238e+00 1.022649584565363448e-05
9.998763857110315456e+00 1.022644464725764275e-05
9.998823620360241193e+00 1.022593267754063366e-05
9.998883383610166931e+00 1.022542073371957831e-05
9.998943146860092668e+00 1.022490881579396001e-05
9.999540779359346487e+00 1.021979110359286164e-05
9.999554470177635324e+00 1.021967389638449444e-05
9.999568160995924160e+00 1.021955669053384143e-05
9.999595542632500056e+00 1.021932228154870918e-05
9.999622924269075952e+00 1.021908787799539086e-05
9.999650305905651848e+00 1.021885347987392203e-05
9.999924122271414362e+00 1.021650979739294981e-05
9.999933343807361652e+00 1.021643087705844719e-05
9.999942565343308942e+00 1.021635195733986967e-05
9.999961008415201746e+00 1.021619412036605245e-05
9.999979451487094551e+00 1.021603628585555782e-05
9.999987009031341856e+00 1.021597160933779158e-05
9.999994566575589161e+00 1.021590693323372640e-05
9.999996724070530973e+00 1.021588846981387530e-05
9.999998881565472786e+00 1.021587000642774119e-05
9.999999744563449866e+00 1.021586262107868314e-05
9.999999847644387430e+00 1.021586173893451091e-05
9.999999950725324993e+00 1.021586085679041661e-05
1.000000015688719834e+01 1.021585444125483844e-05
1.000000036304907169e+01 1.021584337450377675e-05
1.000000056921094505e+01 1.021583230781652544e-05
1.000000263082968566e+01 1.021572164445345108e-05
1.000000469244842627e+01 1.021561098747090819e-05
1.000000675406716688e+01 1.021550033686840890e-05
1.000002737025456945e+01 1.021439418164082188e-05
1.000004798644197201e+01 1.021328866387851480e-05
1.000006860262937458e+01 1.021218378309573968e-05
1.000008921881677715e+01 1.021107953880516458e-05
1.000029538069080992e+01 1.020007203959508117e-05
1.000050154256484269e+01 1.018912774813471451e-05
1.000070770443887547e+01 1.017824606731322828e-05
1.000091386631290824e+01 1.016742655100533177e-05
1.000112002818694101e+01 1.015666872305867041e-05
1.000318164692726519e+01 1.005238332955453857e-05
1.000524326566758937e+01 9.953781399136599591e-06
1.000730488440791355e+01 9.860456139631351363e-06
1.000936650314823773e+01 9.772034262180560085e-06
1.001142812188856190e+01 9.688174538749877012e-06
1.001563698310059536e+01 9.529849706157739880e-06
1.001984584431262881e+01 9.386901205223739409e-06
1.002405470552466227e+01 9.257330075661940379e-06
1.002826356673669572e+01 9.139433680857427203e-06
1.003247242794872918e+01 9.031755303588054145e-06
1.003877559600821279e+01 8.886922137228171759e-06
1.004507876406769640e+01 8.758731480735217341e-06
1.005138193212718001e+01 8.644338595231842982e-06
1.005768510018666362e+01 8.541448988526303404e-06
1.006398826824614723e+01 8.448182598228927214e-06
1.007029143630563084e+01 8.362996423385954438e-06
1.007922290075306471e+01 8.253692400977480915e-06
1.008815436520049857e+01 8.155198566831594456e-06
1.009708582964793244e+01 8.065285559976010141e-06
1.010601729409536631e+01 7.982226354175302877e-06
1.011494875854280018e+01 7.904675269560682306e-06
1.012388022299023405e+01 7.831581458903920509e-06
1.013674380864212132e+01 7.732516264004832957e-06
1.014960739429400860e+01 7.639148824207514098e-06
1.016247097994589588e+01 7.550152384510099552e-06
1.017533456559778315e+01 7.464569709067102573e-06
1.018819815124967043e+01 7.381706644134783216e-06
1.020106173690155771e+01 7.301060511986907600e-06
1.021636044219240169e+01 7.207530211731975835e-06
1.023165914748324568e+01 7.116168728119056205e-06
1.024695785277408966e+01 7.026663199813734401e-06
1.026225655806493364e+01 6.938791722309309113e-06
1.027755526335577763e+01 6.852392634753861855e-06
1.029285396864662161e+01 6.767350653382010409e-06
1.031413354529841264e+01 6.651160019489895770e-06
1.033541312195020367e+01 6.537260696197493154e-06
1.035669269860199471e+01 6.425535782898536921e-06
1.037797227525378574e+01 6.315897249240217309e-06
1.039925185190557677e+01 6.208277584419283347e-06
1.042823881020382082e+01 6.064828380179377833e-06
1.045722576850206487e+01 5.924905733765833993e-06
1.048621272680030891e+01 5.788407846967954746e-06
1.051519968509855296e+01 5.655244257809430196e-06
1.054773268248527351e+01 5.509657906652520657e-06
1.058026567987199407e+01 5.368052806839648107e-06
1.061279867725871462e+01 5.230319725075424903e-06
1.064533167464543517e+01 5.096354648144629867e-06
1.068201143943433173e+01 4.949706637196917008e-06
1.071869120422322830e+01 4.807578893628335732e-06
1.075537096901212486e+01 4.669835825956294687e-06
1.079205073380102142e+01 4.536345684406595508e-06
1.083398151339869919e+01 4.388790493222510839e-06
1.087591229299637696e+01 4.246438906708682829e-06
1.091784307259405473e+01 4.109111978584184444e-06
1.095977385219173250e+01 3.976637314226232134e-06
1.100849213018197759e+01 3.828588567329750558e-06
1.105721040817222267e+01 3.686603130841866591e-06
1.110592868616246776e+01 3.550433778848067018e-06
1.115464696415271284e+01 3.419850123600701033e-06
1.121240565056714011e+01 3.271965972595639063e-06
1.127016433698156739e+01 3.131260779819975872e-06
1.132792302339599466e+01 2.997392281424602520e-06
1.138568170981042194e+01 2.870033255521763064e-06
1.145590508887499404e+01 2.723508005236927797e-06
1.152612846793956614e+01 2.585609505894955458e-06
1.159635184700413824e+01 2.455834359419701515e-06
1.166657522606871034e+01 2.333707071964823169e-06
1.175481205985501454e+01 2.190405366895466724e-06
1.184304889364131874e+01 2.057632880634451660e-06
1.193128572742762294e+01 1.934613515160913048e-06
1.201952256121392715e+01 1.820624488174138415e-06
1.213027125036742326e+01 1.689300350804365428e-06
1.224101993952091938e+01 1.569911317725786818e-06
1.235176862867441550e+01 1.461355032924050300e-06
1.246251731782791161e+01 1.362621559594049245e-06
1.259368148306499968e+01 1.257127217850011695e-06
1.272484564830208775e+01 1.162746619821273746e-06
1.285600981353917582e+01 1.078247493680019777e-06
1.298717397877626389e+01 1.002526227076072336e-06
1.311833814401335196e+01 9.346032087326501554e-07
1.330241777183909768e+01 8.507727350277922718e-07
1.348649739966484340e+01 7.785064821578213472e-07
1.367057702749058912e+01 7.160370699748117917e-07
1.385465665531633483e+01 6.618697191652106230e-07
1.403873628314208055e+01 6.147434075920705592e-07
1.428407347386067272e+01 5.610657060356709084e-07
1.452941066457926489e+01 5.159571175842758030e-07
1.477474785529785706e+01 4.777803803389533458e-07
1.502008504601644923e+01 4.452359855310233007e-07
1.526542223673504139e+01 4.172892910829891337e-07
1.551075942745363356e+01 3.931138318645405669e-07
1.584878339871759856e+01 3.647985645494926826e-07
1.618680736998156178e+01 3.410883534945961434e-07
1.652483134124552677e+01 3.209934297231536000e-07
1.686285531250949177e+01 3.037752467822864347e-07
1.720087928377345676e+01 2.888738358895409849e-07
1.753890325503742176e+01 2.758592793833474863e-07
1.812552116927290058e+01 2.568121286476362280e-07
1.871213908350837940e+01 2.412089954723218581e-07
1.929875699774385822e+01 2.282031479444599202e-07
1.988537491197933704e+01 2.171985143554707391e-07
2.047199282621481586e+01 2.077641536652486448e-07
2.105861074045029468e+01 1.995867231160704601e-07
2.164522865468577351e+01 1.924308150729097390e-07
2.254397802951140761e+01 1.830480789313238469e-07
2.344272740433704172e+01 1.751723554030700702e-07
2.434147677916267583e+01 1.684676726341896859e-07
2.524022615398830993e+01 1.626905729799335483e-07
2.613897552881394404e+01 1.576609749033100377e-07
2.703772490363957814e+01 1.532425450771075880e-07
2.793647427846521225e+01 1.493301788983465324e-07
2.957956321869135863e+01 1.432251194852513006e-07
3.122265215891750501e+01 1.381770226069226987e-07
3.286574109914365494e+01 1.339334919693068052e-07
3.450883003936980487e+01 1.303161509372653308e-07
3.615191897959595480e+01 1.271958322845690258e-07
3.779500791982210472e+01 1.244766472774097755e-07
3.943809686004825465e+01 1.220858571624415000e-07
4.246929336790922349e+01 1.183560009849847212e-07
4.550048987577019233e+01 1.153057441527925260e-07
4.853168638363116116e+01 1.127650923062252874e-07
5.156288289149213000e+01 1.106160418629966786e-07
5.459407939935309884e+01 1.087744640003254401e-07
5.762527590721406767e+01 1.071787541468562868e-07
6.065647241507503651e+01 1.057827360272917558e-07
6.638283993568062158e+01 1.035709881044488149e-07
7.210920745628621376e+01 1.017820791256393249e-07
7.783557497689180593e+01 1.003056395316722701e-07
8.356194249749739811e+01 9.906626268296558296e-08
8.928831001810299028e+01 9.801105045537211158e-08
9.501467753870858246e+01 9.710177631408935883e-08
1.007410450593141746e+02 9.631010192717513095e-08
1.120215220048520450e+02 9.501531149025507041e-08
1.233019989503899296e+02 9.398272957756888182e-08
1.345824758959278142e+02 9.314064747697631289e-08
1.458629528414656988e+02 9.244052310427898436e-08
1.571434297870035834e+02 9.184928846318936930e-08
1.684239067325414680e+02 9.134334448779019713e-08
1.797043836780793526e+02 9.090547299963854288e-08
2.027135276993607249e+02 9.017230131102592066e-08
2.257226717206420972e+02 8.959689725153014123e-08
2.487318157419234694e+02 8.913362347692592920e-08
2.717409597632048417e+02 8.875252794625476271e-08
2.947501037844862140e+02 8.843349233406174080e-08
3.177592478057675862e+02 8.816248683713626227e-08
3.407683918270489585e+02 8.792942056630944103e-08
3.903897021292950171e+02 8.752268583737209093e-08
4.333333333333333144e+02 8.724849920374646820e-08
