#  x                Y
  1.90000000E+01  1.52531845E-09
  1.95000160E+01  9.32176445E-10
  2.00001152E+01  5.89709421E-10
  2.05002846E+01  3.62154612E-10
  2.10003637E+01  2.19103997E-10
  2.15008993E+01  1.37111846E-10
  2.20019089E+01  8.44954000E-11
  2.25036307E+01  5.04046513E-11
  2.30055423E+01  3.12848625E-11
  2.35093160E+01  1.89596965E-11
  2.40096907E+01  1.16879025E-11
  2.45254610E+01  7.07695242E-12
  2.50555097E+01  4.27215152E-12
  2.55805462E+01  2.54943719E-12
  2.61120352E+01  1.51355819E-12
  2.66500833E+01  8.96890063E-13
  2.72302058E+01  5.16384673E-13
  2.78185534E+01  3.03893527E-13
  2.83350540E+01  2.00226496E-13
  2.90234432E+01  1.28630432E-13
  2.97396333E+01  9.55396716E-14
  3.03892837E+01  8.18598102E-14
  3.12800084E+01  7.27916134E-14
  3.18577578E+01  6.91734611E-14
  3.25447777E+01  6.57150288E-14
  3.33434239E+01  6.22270715E-14
  3.42434487E+01  5.86582606E-14
  3.52347194E+01  5.50239197E-14
  3.63088437E+01  5.13732484E-14
  3.74608465E+01  4.77506620E-14
  3.86889022E+01  4.41929000E-14
  3.99984679E+01  4.07069015E-14
  4.13945679E+01  3.73145932E-14
  4.28831216E+01  3.40250455E-14
  4.44718758E+01  3.08480950E-14
  4.61689392E+01  2.77916908E-14
  4.79877021E+01  2.48696497E-14
  4.99369726E+01  2.20899616E-14
  5.20296801E+01  1.94631360E-14
  5.42816424E+01  1.69968070E-14
  5.67129581E+01  1.46990252E-14
  5.93416360E+01  1.25797008E-14
  6.21905044E+01  1.06443461E-14
  6.52834718E+01  8.89900861E-15
  6.86517549E+01  7.34565006E-15
  7.23304700E+01  5.98161069E-15
  7.63595823E+01  4.80321656E-15
  8.07863510E+01  3.80222705E-15
  8.56652737E+01  2.96770159E-15
  9.10651690E+01  2.28490940E-15
  9.70651122E+01  1.73731378E-15
  1.03765627E+02  1.31364206E-15
  1.11317548E+02  1.01366459E-15
  1.20041326E+02  7.96200532E-16
  1.30267507E+02  6.34082832E-16
  1.42399866E+02  5.09366602E-16
  1.56923629E+02  4.09636054E-16
  1.74391162E+02  3.26068208E-16
  1.95372096E+02  2.52371772E-16
  2.20362903E+02  1.90430072E-16
  2.50577517E+02  1.46263024E-16
  2.88066727E+02  1.14186358E-16
  3.35731324E+02  9.05176347E-17
  3.97904548E+02  7.28798815E-17
  4.81335250E+02  5.96482967E-17
  5.97042594E+02  4.96892080E-17
  7.63944050E+02  4.21944256E-17
  1.00000000E+03  3.68388952E-17
