#  x                Y
  1.80000000E+01  8.11953734E-10
  1.85002001E+01  4.60593071E-10
  1.90058035E+01  2.69641801E-10
  1.95206111E+01  1.51261209E-10
  2.00385600E+01  8.15842131E-11
  2.05674024E+01  4.16027038E-11
  2.10693017E+01  2.10535387E-11
  2.16074731E+01  9.71885802E-12
  2.21702227E+01  4.15884641E-12
  2.27411188E+01  1.69984578E-12
  2.33009282E+01  6.89609280E-13
  2.38294425E+01  2.89332998E-13
  2.44064761E+01  1.10551849E-13
  2.49271702E+01  4.59762471E-14
  2.54867601E+01  1.77804462E-14
  2.60881186E+01  6.36818861E-15
  2.66014595E+01  2.64223864E-15
  2.71455064E+01  1.03818500E-15
  2.77223788E+01  3.85294607E-16
  2.83344670E+01  1.34692413E-16
  2.89844888E+01  4.42310741E-17
  2.94987537E+01  1.83856505E-17
  3.00375882E+01  7.35904206E-18
  3.06026653E+01  2.83366335E-18
  3.11958817E+01  1.04892076E-18
  3.18194019E+01  3.73107965E-19
  3.24757190E+01  1.27544422E-19
  3.31677348E+01  4.19335221E-20
  3.38988553E+01  1.32822668E-20
  3.44099557E+01  6.05351267E-21
  3.49415934E+01  2.72016922E-21
  3.54953210E+01  1.20688009E-21
  3.60728882E+01  5.29599970E-22
  3.66762602E+01  2.30287551E-22
  3.73076387E+01  9.94261759E-23
  3.79694750E+01  4.27077914E-23
  3.86644810E+01  1.82850258E-23
  3.93956369E+01  7.81558077E-24
  4.01661967E+01  3.33930264E-24
  4.09797002E+01  1.42750849E-24
  4.18399974E+01  6.10932960E-25
  4.27512860E+01  2.61855165E-25
  4.37181687E+01  1.12428385E-25
  4.42240248E+01  7.37195643E-26
  4.47457270E+01  4.83612365E-26
  4.52840001E+01  3.17413164E-26
  4.58396109E+01  2.08435179E-26
  4.64133715E+01  1.36943349E-26
  4.70061440E+01  9.00202785E-27
  4.76188438E+01  5.92073055E-27
  4.82524459E+01  3.89629098E-27
  4.89079882E+01  2.56551865E-27
  4.95865796E+01  1.69025562E-27
  5.02894065E+01  1.11426495E-27
  5.10177389E+01  7.35002884E-28
  5.17729439E+01  4.85129502E-28
  5.25564966E+01  3.20402728E-28
  5.33699967E+01  2.11740321E-28
  5.42151898E+01  1.40014707E-28
  5.50939990E+01  9.26387583E-29
  5.60085671E+01  6.13247113E-29
  5.69613184E+01  4.06124354E-29
  5.79550512E+01  2.69025606E-29
  5.89930745E+01  1.78209242E-29
  6.00794182E+01  1.18005134E-29
  6.12191545E+01  7.80636027E-30
  6.24188884E+01  5.15449034E-30
  6.36875128E+01  3.39260464E-30
  6.50373748E+01  2.22143142E-30
  6.64860694E+01  1.44286089E-30
  6.80592107E+01  9.25709767E-31
  6.97947591E+01  5.83101342E-31
  7.17499280E+01  3.57489324E-31
  7.40126880E+01  2.10708011E-31
  7.67221200E+01  1.17327158E-31
  8.01073084E+01  6.01916847E-32
  8.45685670E+01  2.74347319E-32
  9.08660543E+01  1.05306003E-32
  1.00622868E+02  3.14497325E-33
  1.17977686E+02  6.42160314E-34
  1.57971926E+02  3.83953733E-35
  2.43819309E+02  3.29551880E-36
  4.36864129E+02  6.69771347E-37
  9.25245271E+02  2.37903372E-37
  1.00000000E+03  2.22475670E-37
